"","000059","000096","000159","000554","000637","000819","002207","002221","002377","002554","002629","300084","300157","300164","300191","600028","600256","600339","600387","600583","600688","600759","600871","601808","601857","603003"
"000059",NA,NA,NA,NA,NA,NA,NA,NA,NA,NA,NA,NA,NA,NA,NA,NA,NA,NA,NA,NA,NA,NA,NA,NA,NA,NA
"000096",1.25634383330783,NA,NA,NA,NA,NA,NA,NA,NA,NA,NA,NA,NA,NA,NA,NA,NA,NA,NA,NA,NA,NA,NA,NA,NA,NA
"000159",1.17912131279552,1.19716306654616,NA,NA,NA,NA,NA,NA,NA,NA,NA,NA,NA,NA,NA,NA,NA,NA,NA,NA,NA,NA,NA,NA,NA,NA
"000554",1.19460216322455,0.900313661432822,1.16743998800632,NA,NA,NA,NA,NA,NA,NA,NA,NA,NA,NA,NA,NA,NA,NA,NA,NA,NA,NA,NA,NA,NA,NA
"000637",1.10939626696354,1.13105897381407,1.22153984920766,1.00785964205021,NA,NA,NA,NA,NA,NA,NA,NA,NA,NA,NA,NA,NA,NA,NA,NA,NA,NA,NA,NA,NA,NA
"000819",1.42147154820992,1.30073803369311,1.31504276338095,1.32695019442956,1.35223148040934,NA,NA,NA,NA,NA,NA,NA,NA,NA,NA,NA,NA,NA,NA,NA,NA,NA,NA,NA,NA,NA
"002207",1.29018346750114,1.2540089998102,1.21148289908342,1.23547201466059,1.25551366653435,1.27464682818631,NA,NA,NA,NA,NA,NA,NA,NA,NA,NA,NA,NA,NA,NA,NA,NA,NA,NA,NA,NA
"002221",1.36531490099796,1.30431346341443,1.30409387564699,1.32500742353381,1.32494693137949,1.43159633843593,1.39931816178161,NA,NA,NA,NA,NA,NA,NA,NA,NA,NA,NA,NA,NA,NA,NA,NA,NA,NA,NA
"002377",1.33019546349535,1.35761973054412,1.30362137421724,1.33103847030639,1.30566788718441,1.38579344405468,1.35366520894356,1.38952221737678,NA,NA,NA,NA,NA,NA,NA,NA,NA,NA,NA,NA,NA,NA,NA,NA,NA,NA
"002554",1.27039472159539,1.26551665229392,1.2136037684621,1.25460865492733,1.24410250068768,1.25212148250725,1.25804802400498,1.33604726880215,1.32687008659115,NA,NA,NA,NA,NA,NA,NA,NA,NA,NA,NA,NA,NA,NA,NA,NA,NA
"002629",1.34050850425132,1.38625045764611,1.28931234439123,1.25413665628767,1.30710194176894,1.34308905416204,1.38516173868305,1.36827841772047,1.42030927354456,1.25646166769386,NA,NA,NA,NA,NA,NA,NA,NA,NA,NA,NA,NA,NA,NA,NA,NA
"300084",1.25980386978344,1.25040938360575,1.27647663213771,1.22499847493527,1.2059516093689,1.32233478386715,1.20011823819936,1.36131439132887,1.30389125007574,1.15926129901973,1.24506809695847,NA,NA,NA,NA,NA,NA,NA,NA,NA,NA,NA,NA,NA,NA,NA
"300157",1.3384025112452,1.36328630995206,1.21919942683489,1.32727955676626,1.31090459235333,1.31761267306634,1.15474614126716,1.30567172597969,1.3792938688824,1.14825956682532,1.31931391193471,1.16061849446936,NA,NA,NA,NA,NA,NA,NA,NA,NA,NA,NA,NA,NA,NA
"300164",1.26543642056518,1.33963307747727,1.2416003935997,1.30911221855344,1.3302383115388,1.48748892928605,1.38510187576596,1.20646816071165,1.36403341031747,1.28638214777309,1.20691204043384,1.26789443571605,1.30779730734767,NA,NA,NA,NA,NA,NA,NA,NA,NA,NA,NA,NA,NA
"300191",1.29704015588995,1.33662312526455,1.24478850219672,1.27489249382232,1.26486788550517,1.32667265382888,1.29982910965002,1.36009802373191,1.36059093127491,1.1616693161886,1.34662521989617,1.21142514039629,1.2548943322339,1.30959405498459,NA,NA,NA,NA,NA,NA,NA,NA,NA,NA,NA,NA
"600028",1.4175732272204,1.33620175174011,1.39385211943169,1.33505954805837,1.38132003892318,1.47724594244578,1.44283740943433,1.40516023641289,1.46323903579365,1.44676059679558,1.39737706343541,1.46705817219548,1.49853764048379,1.3952409387731,1.09554873910128,NA,NA,NA,NA,NA,NA,NA,NA,NA,NA,NA
"600256",1.2966152256247,1.30623294858448,1.25161106669545,1.28321804650667,1.30316625374017,1.4689323605526,1.34640051638802,1.36805184664246,1.418639728974,1.28673074381431,1.40809092104448,1.37207130898237,1.3098912115948,1.39409783993856,1.38353878977074,1.52922588430049,NA,NA,NA,NA,NA,NA,NA,NA,NA,NA
"600339",1.12912813439656,1.0524255841883,1.07335270055341,1.05208831194806,1.10887569409665,1.33652086345438,1.17331066400731,1.32063732949038,1.34422972001017,1.20718559407601,1.29782746713952,1.20617470933732,1.33136476353217,1.34220842352531,1.2712187305471,1.35456823736724,1.33325188283223,NA,NA,NA,NA,NA,NA,NA,NA,NA
"600387",1.26083626621108,1.3655640963625,1.2600230818207,1.28489314179904,1.16389227890293,1.362448360704,1.32899445469966,1.29384191360187,1.3614520444935,1.23395781964431,1.39250120869515,1.24438544841741,1.23408546110483,1.40044922640589,1.30203964055828,1.44991351771012,1.30608685533725,1.26870263881305,NA,NA,NA,NA,NA,NA,NA,NA
"600583",1.36991896770958,1.37763916939798,1.40303644868101,1.32328176826696,1.37970820160658,1.46421349089811,1.36020828450116,1.39672898519945,1.44846148523147,1.33448150562164,1.3229990801723,1.32826115666914,1.35800994675741,1.49978078430506,1.36954587345422,1.38236300780015,1.32079981512557,1.38042363259924,1.38376161919785,NA,NA,NA,NA,NA,NA,NA
"600688",1.26185152072485,1.24807976131082,1.37684224296299,1.21199362613357,1.18377927089773,1.48253234307788,1.397427524014,1.34231626525782,1.44311681083801,1.31338096193224,1.37013755386815,1.34897523168609,1.22146185007175,1.35156278557674,1.20461651563989,1.15858083144693,1.31685054334506,1.31036213775576,1.26312035937181,1.45917995523798,NA,NA,NA,NA,NA,NA
"600759",1.40449264764979,1.30817949553035,1.39239554287307,1.35729448170374,1.34271431683325,1.28950159812699,1.37299531147045,1.42053056805453,1.43459835351095,1.37724822193002,1.2674812120344,1.24239335674719,1.35029401764204,1.31822179490026,1.26007444298079,1.4370287854103,1.5029029782441,1.31651294160022,1.40225656468858,1.40451117779464,1.53804103681102,NA,NA,NA,NA,NA
"600871",1.25349224210939,1.33884641209823,1.3820146255951,1.33442407680744,1.24850368509544,1.47728263038996,1.4768405650861,1.3232143100294,1.41407798439353,1.3098918718828,1.30196803426412,1.37448625810268,1.18753151890846,1.30650722787174,1.31310070446324,1.29560412010568,1.32142952608323,1.42793456253502,1.27001996836071,1.47756038189878,0.939794082496092,1.56550384364368,NA,NA,NA,NA
"601808",1.38527278314269,1.33601436271758,1.37344371558926,1.29981238717886,1.37242299385627,1.43721359344677,1.33548333324599,1.3915934452597,1.39366794703898,1.34771984295199,1.42322241039931,1.35489646046746,1.41074059155911,1.41034846814059,1.37485301775188,1.34423128866695,1.29559349671523,1.41291000850684,1.34753091707757,0.909812380180491,1.43724411859856,1.39067548089727,1.45819158874049,NA,NA,NA
"601857",1.40531466738523,1.40406381647915,1.4481391277792,1.37071823229889,1.41142926198892,1.47865494760701,1.41478007688111,1.46908571662305,1.4740767819799,1.47688735737984,1.46973314973487,1.47581998092639,1.49655886819409,1.44430533122668,1.44304370275906,1.08100445244618,1.43414376099604,1.4395010552347,1.43637873686252,1.3962325174732,1.35724142460669,1.43667785166638,1.46024022799725,1.27055914422473,NA,NA
"603003",1.26281691140031,1.16834455820071,1.20219108021563,1.04297538082667,1.19642735814686,1.30539959849539,1.24539071835412,1.34847843002548,1.35296294107244,1.32267602910484,1.3269313973284,1.30998571762082,1.36741467574372,1.29738072501474,1.31821540713546,1.45506603194295,1.25631729278871,1.14396555120874,1.31127751725184,1.36107697923259,1.34740926546186,1.38628563557725,1.40267092257707,1.36569061950226,1.48868029932191,NA
