"","000059","000096","000159","000554","000637","000819","002207","002221","002377","002554","002629","300084","300157","300164","300191","600028","600256","600339","600387","600583","600688","600759","600871","601808","601857","603003"
"000059",NA,NA,NA,NA,NA,NA,NA,NA,NA,NA,NA,NA,NA,NA,NA,NA,NA,NA,NA,NA,NA,NA,NA,NA,NA,NA
"000096",1.17371638769102,NA,NA,NA,NA,NA,NA,NA,NA,NA,NA,NA,NA,NA,NA,NA,NA,NA,NA,NA,NA,NA,NA,NA,NA,NA
"000159",1.33854053112969,1.21885016122446,NA,NA,NA,NA,NA,NA,NA,NA,NA,NA,NA,NA,NA,NA,NA,NA,NA,NA,NA,NA,NA,NA,NA,NA
"000554",1.17899857296241,0.624324527013304,1.24731878275997,NA,NA,NA,NA,NA,NA,NA,NA,NA,NA,NA,NA,NA,NA,NA,NA,NA,NA,NA,NA,NA,NA,NA
"000637",1.22814925655218,0.846083936905894,1.19535405893396,0.669778445842702,NA,NA,NA,NA,NA,NA,NA,NA,NA,NA,NA,NA,NA,NA,NA,NA,NA,NA,NA,NA,NA,NA
"000819",1.44755731810331,1.23296578248837,1.36340417284405,1.24431573956834,1.0766027867063,NA,NA,NA,NA,NA,NA,NA,NA,NA,NA,NA,NA,NA,NA,NA,NA,NA,NA,NA,NA,NA
"002207",1.36717636024185,1.26760265182682,1.16806567938233,1.28267856209044,1.25317372740362,1.1940674985494,NA,NA,NA,NA,NA,NA,NA,NA,NA,NA,NA,NA,NA,NA,NA,NA,NA,NA,NA,NA
"002221",1.3550363578023,1.28973302953587,1.26208980162135,1.2724940047867,1.40779930030432,1.39889263771077,1.32484316442617,NA,NA,NA,NA,NA,NA,NA,NA,NA,NA,NA,NA,NA,NA,NA,NA,NA,NA,NA
"002377",1.42327294976813,1.44752105609554,1.13629334466641,1.39152651839177,1.32755402144845,1.42038539247856,1.04827784991405,1.35761182410369,NA,NA,NA,NA,NA,NA,NA,NA,NA,NA,NA,NA,NA,NA,NA,NA,NA,NA
"002554",1.35655004526537,1.11929907188417,1.30274567266164,1.15486701784463,1.05940522884105,0.991599137534589,1.34864092637191,1.3965531803605,1.52229694472196,NA,NA,NA,NA,NA,NA,NA,NA,NA,NA,NA,NA,NA,NA,NA,NA,NA
"002629",1.54764697895221,1.17824947268307,1.26505056623389,1.24949210620902,1.09498329822092,1.23458082554143,1.29173453110641,1.37293896044463,1.32153673551794,1.08137549127668,NA,NA,NA,NA,NA,NA,NA,NA,NA,NA,NA,NA,NA,NA,NA,NA
"300084",1.41822734615603,1.13049028797446,1.15540456235407,1.10113228784739,1.09944079338708,1.2584604524334,1.32929668041625,1.27754944611692,1.3894047319822,1.11787366225215,1.20599254884329,NA,NA,NA,NA,NA,NA,NA,NA,NA,NA,NA,NA,NA,NA,NA
"300157",1.49553050581202,1.19660463841525,1.34523302042697,1.29615924188441,1.25403912384848,1.05280419744317,1.00794648193475,1.29856883577379,1.33752915149978,1.10512859171383,1.03960647079538,1.23267963151896,NA,NA,NA,NA,NA,NA,NA,NA,NA,NA,NA,NA,NA,NA
"300164",1.39106023706802,1.12500281398671,1.36798943135571,1.03315136893959,0.947162155885938,1.06832364875261,1.27388637619721,1.12016189401965,1.42227710094787,0.920330963555732,1.05516269516081,0.961928048722111,1.17448929679448,NA,NA,NA,NA,NA,NA,NA,NA,NA,NA,NA,NA,NA
"300191",1.36667243629228,1.17922760217006,1.27001555097652,1.21588806610161,1.21937292079164,1.29884044416716,1.3985529650067,1.45153563978543,1.44681997690139,1.11233958007664,1.08656918358472,1.08849422971283,1.20253730210752,1.38015386797301,NA,NA,NA,NA,NA,NA,NA,NA,NA,NA,NA,NA
"600028",1.36624799456795,1.12978398922539,1.42535007221345,1.15017188138481,1.28269619660811,1.45236584606556,1.41163315310906,1.39573484900258,1.41253705407454,1.25090152962687,1.26852286582579,1.35192377868773,1.40744288822571,1.32060278781514,1.08407853997286,NA,NA,NA,NA,NA,NA,NA,NA,NA,NA,NA
"600256",1.3065999954457,1.119519628804,1.35090790415988,1.11816677059205,1.2108523473509,1.37006403649061,1.35966727049018,1.33479298441316,1.44804551712472,1.14486171435497,1.30704395167371,1.16685757024438,1.08898234874151,1.26361469711967,1.05358805095773,1.13697183234149,NA,NA,NA,NA,NA,NA,NA,NA,NA,NA
"600339",1.27431444021666,0.751278178820742,1.15639308275713,0.869386001083973,0.922767966082611,1.27589165545585,1.22067742254557,1.36508989608665,1.3013380008701,1.24934851626478,1.16117535838586,1.22995753818872,1.2615115382456,1.35011093288745,1.12745049702884,1.09610350897485,1.13988145769441,NA,NA,NA,NA,NA,NA,NA,NA,NA
"600387",1.37367519880076,1.21430797547504,1.44755017530667,1.23872675051907,1.04242430107901,1.01210538813916,1.44136021090847,1.3703832515229,1.5653529055276,1.16809133125631,1.22374697647122,1.32393141168035,1.13879679863219,1.08616729370363,1.25893111082617,1.52658706606176,1.26898398138346,1.31603712886487,NA,NA,NA,NA,NA,NA,NA,NA
"600583",1.40520119411173,1.15600729223115,1.53574510682528,1.30548312279335,1.30903449582881,1.17662314570018,1.2566496597587,1.41887435543619,1.51511788597663,1.30474184020109,1.33800799931246,1.07508175152245,1.18147357116571,1.25541603792918,1.394517930755,1.3937178902878,1.3518843857914,1.29412090798903,1.26628402909626,NA,NA,NA,NA,NA,NA,NA
"600688",1.26563349740356,1.01086707227786,1.35737476141171,0.95025304709756,0.997222125580819,1.30625768912577,1.35441528216217,1.25118682500422,1.40246920715598,1.08463529439512,1.35748650554139,1.15747338825892,1.16957989126972,1.07017130602078,1.24983085132363,1.05560596564881,0.881733390691766,1.1209067540279,1.2717051546335,1.34030761250195,NA,NA,NA,NA,NA,NA
"600759",1.28420953160798,1.02907945931465,1.38008802141939,1.27324483748327,1.28249934343853,1.1097506663481,1.11913289493945,1.33325596359619,1.3358761041698,1.17208228441691,0.987425735712117,0.931511529337957,0.993090456112777,1.18462051107262,0.90851318057658,1.30634568603288,1.49137250003846,1.17894815889523,1.10377289641061,1.04980715533022,1.65680054069018,NA,NA,NA,NA,NA
"600871",1.18844115048932,1.17991302823908,1.40517613403449,1.04852893200858,1.0106116365063,1.22522488703555,1.46105060322924,1.27385833509182,1.54224351847983,1.12398266434565,1.50639363885355,1.16648184853887,1.26484498872378,1.30411677727639,1.33389657739032,1.33674529337369,1.06326799835198,1.28647841217241,1.25284995705629,1.28749493182505,0.87196636968542,1.71740929221478,NA,NA,NA,NA
"601808",1.35575745217991,1.07275407575842,1.47699186542124,1.21814911888302,1.2597300733206,1.29252503295701,1.37198832267043,1.38911410579112,1.54984612686958,1.24567769906418,1.1397443848246,1.14965141003101,1.27304145150811,1.35602942937982,1.06499398607235,1.29337657036262,1.22146070960826,1.12528429155475,1.28392655944845,0.945786706487147,1.49048089378173,0.91243759145718,1.44262366415826,NA,NA,NA
"601857",1.48389958945012,1.49555513662624,1.64114172323867,1.54208937487841,1.66174314894848,1.64745386428898,1.55247436752295,1.39221657499358,1.59021370379044,1.50304404656963,1.55827714830122,1.62934934823902,1.47132476684427,1.52846136515206,1.5126250300688,1.259405554367,1.51669925548291,1.55401674320555,1.49682713008719,1.44489036374627,1.51029740901039,1.41219436444331,1.59248142688159,1.44942285072023,NA,NA
"603003",1.27947355706859,1.2295311583921,1.23095893768039,1.04863341615094,1.22409611448257,1.50586106151401,1.31334586393897,1.11409369459289,1.39202819958053,1.38064808440877,1.38649218368702,1.30179460005935,1.46037568563602,1.1649114802765,1.41256362641882,1.32672959047415,1.36242903906138,1.34742229545963,1.44980787192081,1.53158727967368,1.28052313576083,1.50140465286817,1.26372504832618,1.46693021459447,1.46524974762132,NA
