"","000059","000096","000159","000554","000637","000819","002207","002221","002377","002554","002629","300084","300157","300164","300191","600028","600256","600339","600387","600583","600688","600759","600871","601808","601857","603003"
"000059",NA,NA,NA,NA,NA,NA,NA,NA,NA,NA,NA,NA,NA,NA,NA,NA,NA,NA,NA,NA,NA,NA,NA,NA,NA,NA
"000096",1.41068667781478,NA,NA,NA,NA,NA,NA,NA,NA,NA,NA,NA,NA,NA,NA,NA,NA,NA,NA,NA,NA,NA,NA,NA,NA,NA
"000159",1.34391807445036,1.31687314853366,NA,NA,NA,NA,NA,NA,NA,NA,NA,NA,NA,NA,NA,NA,NA,NA,NA,NA,NA,NA,NA,NA,NA,NA
"000554",1.25753049552799,1.20852566261719,1.04179411777292,NA,NA,NA,NA,NA,NA,NA,NA,NA,NA,NA,NA,NA,NA,NA,NA,NA,NA,NA,NA,NA,NA,NA
"000637",1.23066497132213,1.31776525744859,1.02844582091634,1.11983412780083,NA,NA,NA,NA,NA,NA,NA,NA,NA,NA,NA,NA,NA,NA,NA,NA,NA,NA,NA,NA,NA,NA
"000819",1.3008034172583,1.40238663991909,1.10286122449334,1.08107025681091,1.19693049871065,NA,NA,NA,NA,NA,NA,NA,NA,NA,NA,NA,NA,NA,NA,NA,NA,NA,NA,NA,NA,NA
"002207",1.21689354933812,1.45970069405179,1.00515993135622,1.29115728807571,0.999777101624373,1.14576871132727,NA,NA,NA,NA,NA,NA,NA,NA,NA,NA,NA,NA,NA,NA,NA,NA,NA,NA,NA,NA
"002221",1.39053992874507,1.2670240904068,1.2548598052597,1.22877384072691,1.06762267021665,1.31957736606925,1.53475389326141,NA,NA,NA,NA,NA,NA,NA,NA,NA,NA,NA,NA,NA,NA,NA,NA,NA,NA,NA
"002377",1.28679353742698,1.54888720384065,1.34664404469723,1.38314230778379,1.15475360760259,1.25359742171599,1.39417988890196,1.34797036148561,NA,NA,NA,NA,NA,NA,NA,NA,NA,NA,NA,NA,NA,NA,NA,NA,NA,NA
"002554",1.23064564539298,1.3159925667713,1.239227087419,1.21081989527215,1.22234997884259,1.27259824886979,1.40150785931276,1.46511475364071,1.36820917932977,NA,NA,NA,NA,NA,NA,NA,NA,NA,NA,NA,NA,NA,NA,NA,NA,NA
"002629",1.48464875904328,1.32285340682999,1.06069437967065,1.17037796023814,1.17123291894522,0.962475937175257,1.23371566996047,1.20432616079208,1.20676876108636,1.30987881688396,NA,NA,NA,NA,NA,NA,NA,NA,NA,NA,NA,NA,NA,NA,NA,NA
"300084",1.30558005252987,1.42053074839612,1.22194720456943,1.25978479212886,1.37201082856893,1.13466752060694,1.04182953483829,1.51051013845654,1.40461574047433,1.20820962664389,1.16091171077175,NA,NA,NA,NA,NA,NA,NA,NA,NA,NA,NA,NA,NA,NA,NA
"300157",1.42335143555475,1.34357806168925,1.38688444546891,1.26858257986211,1.3702556209554,1.38469275920011,1.51689433053749,1.53658874472849,1.33882640790024,1.06711266265412,1.28080377416926,1.24786557215243,NA,NA,NA,NA,NA,NA,NA,NA,NA,NA,NA,NA,NA,NA
"300164",1.17146589719421,1.28408230768401,1.19902273407676,1.05267193777268,1.28515531535666,1.23617991646267,1.16422222102611,1.39926595694699,1.35553544601302,1.10424808056737,1.19165487247218,1.10557142717349,1.22895928739808,NA,NA,NA,NA,NA,NA,NA,NA,NA,NA,NA,NA,NA
"300191",1.49613470861204,1.33098221173756,1.27932735717366,1.39010677744341,1.52054708244577,1.22695733385217,1.24810989596934,1.49840262808284,1.39054429021685,1.54476360396707,1.04611908591697,1.18313859414151,1.33359166627199,1.16800389190735,NA,NA,NA,NA,NA,NA,NA,NA,NA,NA,NA,NA
"600028",1.24808377858966,1.46174538874065,1.55524798594269,1.33778040806837,1.4092919130119,1.52527279779082,1.44400602480379,1.36766274539575,1.39274559011727,1.23681066475724,1.60097954770292,1.43179998903037,1.38780655924099,1.01017552836616,1.60519361752815,NA,NA,NA,NA,NA,NA,NA,NA,NA,NA,NA
"600256",1.25271730216958,1.36885368817424,1.28874142380995,1.34236460923778,1.35690990866037,1.35236091832942,1.53582628915241,1.32177901575668,1.25015822776795,1.39207257814814,1.37099375611132,1.42361796773841,1.4192019390144,1.15897137029088,1.42644964338115,1.28538830405019,NA,NA,NA,NA,NA,NA,NA,NA,NA,NA
"600339",1.27426385102559,1.31737211412775,1.27263770787692,1.14967684905084,1.31625293554487,1.26629954503065,1.34515255079053,1.38040408380649,1.34368155556706,1.16489546402839,1.29076420010773,1.28484358116256,0.926413029958304,0.915541364570856,1.2085425464193,1.33583632464087,1.20432118394996,NA,NA,NA,NA,NA,NA,NA,NA,NA
"600387",1.19452684726909,1.42537183366748,1.0838578622989,1.07781516311082,1.18703255734309,0.889914460941087,1.1863719046019,1.30150230947897,1.05399363653244,1.12517092344818,1.17947379876716,1.15299032608453,1.211650804455,0.949275070721378,1.21398148110706,1.36052657737216,1.18454329591499,1.06282652335194,NA,NA,NA,NA,NA,NA,NA,NA
"600583",1.21963527294802,1.31253611733048,1.27001420840672,1.18937894808237,1.36793952761098,1.42964907377837,1.34626093101412,1.39372399789464,1.58047537374888,1.25559496679471,1.45960098568078,1.24249166504475,1.41887996848942,0.904371301338197,1.44530431954501,1.08345300806317,1.15370717891279,1.12563247373241,1.28953481924657,NA,NA,NA,NA,NA,NA,NA
"600688",1.26789477201111,1.30693506510953,1.41109289120486,1.18525252568591,1.31236129293136,1.50851408837281,1.53463379456963,1.15823602208149,1.54330328149147,1.24622979588689,1.51062528078323,1.47869838302818,1.41888714345131,1.18830370802237,1.5802387051196,1.01121108563808,1.25187394918894,1.2389106727534,1.3398154682492,1.02428027113772,NA,NA,NA,NA,NA,NA
"600759",1.14229280507457,1.41502809836112,1.16442857873963,1.09222049968643,1.2150696460066,1.06686539028489,1.26440301684916,1.47147820883423,1.23140486728937,1.04306865822356,0.946002543912862,1.12473889615658,1.24208960120248,0.760287216822722,1.0329374386648,1.24808215015657,1.49629151599344,1.1032473952075,0.873223187318019,1.45005304761546,1.21807939738739,NA,NA,NA,NA,NA
"600871",1.47687777366534,1.34812268062929,1.27018367765726,1.17682087143654,1.36721339652241,1.43052224978968,1.64840876104664,1.35557950250374,1.39905036201653,1.35435662578619,1.31094397510486,1.34531950782902,1.37853032486467,1.16510097241092,1.19472472070921,1.29091015113383,1.27819345364626,1.22715455061789,1.23053657796389,1.18818937516769,1.11243728480378,1.36926675662252,NA,NA,NA,NA
"601808",1.34553820279304,1.31155407038396,1.21433221300256,1.18727737660648,1.36023262244194,1.41320329125944,1.31678010883001,1.4286367172119,1.60286754646339,1.15587731607338,1.39308034051314,1.23799766178596,1.31055791795349,0.869831262023792,1.35572837014256,1.10690139411932,1.32750875985034,1.10887911045473,1.33410981488566,0.646765224292671,1.03949059536157,1.29972776536571,1.07387121692304,NA,NA,NA
"601857",1.23458609302876,1.37730046606807,1.54671637763018,1.3217316503483,1.44462079161382,1.52522843274789,1.50226116990795,1.3281599372503,1.41233484968825,1.26278405415938,1.6016860553433,1.34728932446128,1.47330312092878,1.01894800507337,1.6067997251029,0.764902140872389,1.25296939128021,1.29708032091904,1.32354301005201,1.06002741931613,1.13415616533277,1.48013355973623,1.32931910547466,1.17918078595726,NA,NA
"603003",1.33774006188231,1.40120819068359,1.09668185716768,1.16965990261525,1.14313442329757,1.20416730476687,1.11030272000839,1.36451373329731,1.21602461294117,1.35063602524899,1.04087687782066,1.26388666538415,1.24253635861263,1.20753365214464,1.34350774186101,1.47839553424072,1.38591169681042,1.26343356024121,1.23503288820141,1.39855746365636,1.58031671953724,1.18445838155563,1.46534183888589,1.35614903287218,1.53677414502838,NA
