"","000059","000096","000159","000554","000637","000819","002207","002221","002377","002554","002629","300084","300157","300164","300191","600028","600256","600339","600387","600583","600688","600759","600871","601808","601857","603003"
"000059",NA,NA,NA,NA,NA,NA,NA,NA,NA,NA,NA,NA,NA,NA,NA,NA,NA,NA,NA,NA,NA,NA,NA,NA,NA,NA
"000096",1.27778065670161,NA,NA,NA,NA,NA,NA,NA,NA,NA,NA,NA,NA,NA,NA,NA,NA,NA,NA,NA,NA,NA,NA,NA,NA,NA
"000159",1.35254565090934,1.12430507651521,NA,NA,NA,NA,NA,NA,NA,NA,NA,NA,NA,NA,NA,NA,NA,NA,NA,NA,NA,NA,NA,NA,NA,NA
"000554",1.19148140215564,1.15723053970313,1.17201937345703,NA,NA,NA,NA,NA,NA,NA,NA,NA,NA,NA,NA,NA,NA,NA,NA,NA,NA,NA,NA,NA,NA,NA
"000637",1.22367256729158,1.15781743253101,1.1206730675899,1.01427379623549,NA,NA,NA,NA,NA,NA,NA,NA,NA,NA,NA,NA,NA,NA,NA,NA,NA,NA,NA,NA,NA,NA
"000819",1.24562914129526,1.19067082559025,1.21258632425093,1.18121507672117,1.18962666829008,NA,NA,NA,NA,NA,NA,NA,NA,NA,NA,NA,NA,NA,NA,NA,NA,NA,NA,NA,NA,NA
"002207",1.37959750620398,1.26192959699592,1.17618014299989,1.29613510680477,1.20455345549552,1.30741521382397,NA,NA,NA,NA,NA,NA,NA,NA,NA,NA,NA,NA,NA,NA,NA,NA,NA,NA,NA,NA
"002221",1.38926915108248,1.3202941534033,1.24769692790428,1.34616024941914,1.33479743235951,1.36185097217803,1.27404769066582,NA,NA,NA,NA,NA,NA,NA,NA,NA,NA,NA,NA,NA,NA,NA,NA,NA,NA,NA
"002377",1.29708209669968,1.2511020392662,1.21382743612597,1.19710374767769,1.19698388332176,1.27760113265132,1.4727260853616,1.35825141669904,NA,NA,NA,NA,NA,NA,NA,NA,NA,NA,NA,NA,NA,NA,NA,NA,NA,NA
"002554",1.24933393856271,1.29286120965859,1.16269110820214,1.24623438829416,1.25707563835638,1.27744750671772,1.23959190038304,1.39107367257118,1.27530510738529,NA,NA,NA,NA,NA,NA,NA,NA,NA,NA,NA,NA,NA,NA,NA,NA,NA
"002629",1.31788228001534,1.3627448290061,1.20137245158898,1.19807412574019,1.22442441647448,1.20601560587653,1.27199027106359,1.33928552523522,1.27732923323053,1.25101122201956,NA,NA,NA,NA,NA,NA,NA,NA,NA,NA,NA,NA,NA,NA,NA,NA
"300084",1.27951297653917,1.23748678967384,1.24554327319123,1.16104744486457,1.22883385707008,1.22622406400268,1.23727322819609,1.35688700671132,1.31744664678905,1.22624437240117,1.21165547582269,NA,NA,NA,NA,NA,NA,NA,NA,NA,NA,NA,NA,NA,NA,NA
"300157",1.23192784401507,1.2035412155507,1.19621278504173,1.18844392808957,1.23801530282608,1.23936704326828,1.2575356068308,1.38112420679389,1.34318619020004,1.10528982350256,1.27855512828415,1.1186058971862,NA,NA,NA,NA,NA,NA,NA,NA,NA,NA,NA,NA,NA,NA
"300164",1.20054551718271,1.26866811586716,1.19228307525228,1.13551787317266,1.24436234801679,1.29227250131055,1.2607324771199,1.3642610796824,1.27512844171248,1.22213742978152,1.19061711091554,1.10818949557137,1.144742745012,NA,NA,NA,NA,NA,NA,NA,NA,NA,NA,NA,NA,NA
"300191",1.267017774099,1.17783686400568,1.19160390405215,1.16899486384624,1.25874267206859,1.1894038789968,1.23912178089116,1.338050528864,1.3565467044099,1.27343853941303,1.05747589040268,1.13811186491563,1.08532953619054,1.19512197168808,NA,NA,NA,NA,NA,NA,NA,NA,NA,NA,NA,NA
"600028",1.42782973067534,1.43382748191633,1.53735805132938,1.36193582365695,1.46273987997068,1.45860975915266,1.50867425083969,1.42480888343654,1.50098358613867,1.38736860416701,1.50576652211369,1.44290029665889,1.5418512786781,1.38638402041879,1.45723462233583,NA,NA,NA,NA,NA,NA,NA,NA,NA,NA,NA
"600256",1.25343637873358,1.21608658063412,1.24580874506222,1.27088758511857,1.25812059853487,1.23692088220858,1.30836192278294,1.35695290991499,1.26181693197742,1.30792590775558,1.29488178000687,1.25743777052617,1.29732013381084,1.19759785743375,1.30399648205093,1.44275005646121,NA,NA,NA,NA,NA,NA,NA,NA,NA,NA
"600339",1.2533905367628,1.18515903063952,1.15473597837025,1.1415643642785,1.10559781784965,1.14887149789198,1.18392421727782,1.33852220003497,1.22800531394218,1.08110595326927,1.17891051291485,1.1885102587177,1.15251290411567,1.12542046659939,1.13028701188986,1.43184525035924,1.32283015280766,NA,NA,NA,NA,NA,NA,NA,NA,NA
"600387",1.22148452898063,1.20528195669687,1.1877390954778,1.11796255409732,1.18059957249188,1.19543486625982,1.22493982248813,1.3203561583791,1.14985378121984,1.23290743341387,1.30245753162139,1.20933311303497,1.24151866549708,1.17044001994415,1.25825460680404,1.4705229341724,1.22242269098669,1.19287081776316,NA,NA,NA,NA,NA,NA,NA,NA
"600583",1.28236589230655,1.3315574952428,1.28735282051767,1.17185739163812,1.23717924924649,1.30103442104286,1.30026421223863,1.39276858840466,1.29496712994862,1.24846692111368,1.32445436198659,1.26540679927737,1.23931008075021,1.09555099142768,1.21177646097331,1.33528016669788,1.18495598111099,1.1821788768705,1.23060381302354,NA,NA,NA,NA,NA,NA,NA
"600688",1.28472981043415,1.29974479791864,1.38766535717922,1.06744675304136,1.16542724075505,1.35982280100481,1.38171588053239,1.39809974111083,1.31963191324823,1.35944060152379,1.37085024236182,1.3829801356738,1.27866443987386,1.32574700072927,1.31570663429758,1.24670393044229,1.28978570019657,1.36589957093573,1.27886262158436,1.19852755794406,NA,NA,NA,NA,NA,NA
"600759",1.22259052585135,1.18227830575771,1.14654287395229,1.19322291083105,1.19316263856896,1.17701929518044,1.27439822887078,1.31112129355215,1.23887109606443,1.17528427414712,1.28002006981504,1.19900663330903,1.26166072687258,1.04818123642702,1.22153564065349,1.46719830603127,1.2342144374726,1.11966593988553,1.05353947670935,1.26800360532482,1.26052227004288,NA,NA,NA,NA,NA
"600871",1.19479860617444,1.15893070411998,1.18164984116743,0.917153658909962,1.06674320942604,1.20221753248171,1.24184922169029,1.35909857457589,1.1906082322346,1.22802104950628,1.19982197220957,1.16294929087372,1.18285067862269,1.21725205627007,1.12396805890649,1.35058668948664,1.27554609227176,1.1347794914005,1.170030802217,1.08422017870865,1.05697860953419,1.25934568806234,NA,NA,NA,NA
"601808",1.30366370743866,1.33385605624645,1.26574562082745,1.16818821454546,1.24628279651773,1.32137556652414,1.24771655743601,1.41675519490839,1.31615182359119,1.23649385048719,1.35745911241925,1.24351522730388,1.20924888635938,1.07873085734537,1.17724581325937,1.30671119760222,1.27676401597005,1.15823344669589,1.24838328234281,0.690850274998555,1.22344927995323,1.22506589238842,1.05756804217693,NA,NA,NA
"601857",1.41460964891965,1.41272601883728,1.46183103678337,1.32651237447769,1.47378618735631,1.45046985717849,1.51973587811772,1.44576912998557,1.50730787004503,1.36939808276044,1.47001483711004,1.44832765976256,1.54493799412021,1.24750132314282,1.44888288227395,0.82105647028362,1.4198700770004,1.40897817576831,1.46166260595391,1.31900629011658,1.30909615697555,1.52132888454906,1.35572320411868,1.30823113948849,NA,NA
"603003",1.27475021488275,1.19324203236669,1.18851701092048,1.21096038019624,1.22878037227605,1.25479667700708,1.30980568889177,1.30339214820602,1.29527730859338,1.30064341803446,1.25204886240867,1.27591147908168,1.25220592358372,1.26675895144361,1.23633586975077,1.46395342747088,1.33064310092412,1.19081917948154,1.23848768468778,1.28496436993881,1.32602016278785,1.18061179225055,1.21256231630351,1.27921206723108,1.47404871699388,NA
