"","000059","000096","000159","000554","000637","000819","002207","002221","002377","002554","002629","300084","300157","300164","300191","600028","600256","600339","600387","600583","600688","600759","600871","601808","601857","603003"
"000059",NA,NA,NA,NA,NA,NA,NA,NA,NA,NA,NA,NA,NA,NA,NA,NA,NA,NA,NA,NA,NA,NA,NA,NA,NA,NA
"000096",1.2211827540573,NA,NA,NA,NA,NA,NA,NA,NA,NA,NA,NA,NA,NA,NA,NA,NA,NA,NA,NA,NA,NA,NA,NA,NA,NA
"000159",1.20141912872681,1.21261845422594,NA,NA,NA,NA,NA,NA,NA,NA,NA,NA,NA,NA,NA,NA,NA,NA,NA,NA,NA,NA,NA,NA,NA,NA
"000554",1.25595289092646,0.922566858495598,1.21748588855451,NA,NA,NA,NA,NA,NA,NA,NA,NA,NA,NA,NA,NA,NA,NA,NA,NA,NA,NA,NA,NA,NA,NA
"000637",1.11984390524839,1.08536311876195,1.19107542692179,1.08515324481281,NA,NA,NA,NA,NA,NA,NA,NA,NA,NA,NA,NA,NA,NA,NA,NA,NA,NA,NA,NA,NA,NA
"000819",1.37756951174936,1.30636462095108,1.32807889962886,1.34051231020157,1.35893131894384,NA,NA,NA,NA,NA,NA,NA,NA,NA,NA,NA,NA,NA,NA,NA,NA,NA,NA,NA,NA,NA
"002207",1.28956159659601,1.21861680943339,1.2277741582135,1.23040273461756,1.27188043539657,1.28446116361919,NA,NA,NA,NA,NA,NA,NA,NA,NA,NA,NA,NA,NA,NA,NA,NA,NA,NA,NA,NA
"002221",1.37123170536415,1.32147106770426,1.30137913967623,1.34905085722215,1.27788276761847,1.47184888746046,1.37270552857232,NA,NA,NA,NA,NA,NA,NA,NA,NA,NA,NA,NA,NA,NA,NA,NA,NA,NA,NA
"002377",1.34157305629042,1.36420521338731,1.33767923016774,1.3528850711775,1.30575179213019,1.36261447055551,1.35390046639308,1.38323653387196,NA,NA,NA,NA,NA,NA,NA,NA,NA,NA,NA,NA,NA,NA,NA,NA,NA,NA
"002554",1.28107931013462,1.22403415732593,1.25674605837044,1.21294774900603,1.24855246835237,1.23383006476861,1.22911820567603,1.33241601332515,1.28406774358387,NA,NA,NA,NA,NA,NA,NA,NA,NA,NA,NA,NA,NA,NA,NA,NA,NA
"002629",1.32308712507964,1.32020309422188,1.2756486227323,1.25127756202396,1.31178105034449,1.31439827666869,1.30501472714701,1.35884085475471,1.32894428639182,1.18568228835284,NA,NA,NA,NA,NA,NA,NA,NA,NA,NA,NA,NA,NA,NA,NA,NA
"300084",1.23233883235291,1.20299845968451,1.29456084963406,1.20394005444645,1.17981072378922,1.30235018808602,1.13405861664876,1.33630647708292,1.29418648930891,1.12274010257743,1.2398914158113,NA,NA,NA,NA,NA,NA,NA,NA,NA,NA,NA,NA,NA,NA,NA
"300157",1.3102102606862,1.34131881440018,1.23305131859464,1.2711617097986,1.28529119604444,1.24714645028693,1.09206338551711,1.32539911610542,1.3374666046592,1.12447611365248,1.23268710941495,1.10403225066901,NA,NA,NA,NA,NA,NA,NA,NA,NA,NA,NA,NA,NA,NA
"300164",1.29411413336551,1.31967419038966,1.28474309678701,1.28270013732813,1.29936580681891,1.41595040545518,1.37478587519086,1.26908874679578,1.34920451111748,1.24480389704477,1.11354418001915,1.21028851988716,1.27586748320146,NA,NA,NA,NA,NA,NA,NA,NA,NA,NA,NA,NA,NA
"300191",1.27359621529138,1.32393210734856,1.2235520279755,1.25043231364328,1.25307146814007,1.31673780902469,1.28140783417053,1.35153305451069,1.31668828221399,1.20435466167856,1.24204199496368,1.19059713914891,1.21959179332255,1.28848400563894,NA,NA,NA,NA,NA,NA,NA,NA,NA,NA,NA,NA
"600028",1.36834295082795,1.35751832247049,1.35227824851256,1.33663505433509,1.3455181277497,1.4882093025562,1.4439509542924,1.39874972760477,1.45212685965055,1.46040939934592,1.42440408358942,1.46002715694306,1.45330241986518,1.39579930286994,1.00135968739877,NA,NA,NA,NA,NA,NA,NA,NA,NA,NA,NA
"600256",1.32186543974577,1.264619811515,1.22788215943224,1.24726717993022,1.27997108125425,1.43762139875075,1.37713134798298,1.36958766475754,1.38653446611313,1.31198881707498,1.28040132387429,1.31689212805628,1.33089237383602,1.34898229819625,1.32108866747828,1.44963771883339,NA,NA,NA,NA,NA,NA,NA,NA,NA,NA
"600339",1.13889538258908,1.03615241515809,1.07169847358608,1.11767916570575,1.09377756807721,1.3350348783172,1.1854019086323,1.33317483305937,1.34272697597395,1.16932047563155,1.24344317771509,1.18211812350557,1.31492141016691,1.36102222722971,1.2455435729505,1.32491338100383,1.32156671836883,NA,NA,NA,NA,NA,NA,NA,NA,NA
"600387",1.30423653269198,1.31015901155497,1.27151254555957,1.30678867402915,1.23489068546777,1.39296852376221,1.31781864123997,1.28340183562837,1.38190591406631,1.24781272632682,1.28972107226295,1.27588566451294,1.25850901732409,1.3582311154815,1.31749721379383,1.45245954557118,1.32551174674636,1.25688163793687,NA,NA,NA,NA,NA,NA,NA,NA
"600583",1.33126488800428,1.33721583864039,1.30128627100565,1.2751668625958,1.30474413621206,1.40130176688641,1.2612635146908,1.39392882914932,1.39528912399124,1.28515672049966,1.25552624128253,1.26046297105867,1.31840863223905,1.37804258040382,1.25941976743505,1.36868223541148,1.28820232377935,1.32006485643473,1.31008102290521,NA,NA,NA,NA,NA,NA,NA
"600688",1.23215917019104,1.25434189318989,1.31697498417057,1.18042935698282,1.19849169621171,1.46565366835313,1.36755941693894,1.3503052058871,1.43425867932753,1.34428378802288,1.36562901441888,1.33328289688565,1.33196890482632,1.34287021426711,1.24089349235893,1.22622049250022,1.3145739001999,1.29122614268159,1.31352953926564,1.35802419491356,NA,NA,NA,NA,NA,NA
"600759",1.40782605784421,1.29516343065473,1.39587877951213,1.37098080266948,1.3653700265844,1.37050214613428,1.38698237231145,1.40767140476316,1.4466386574473,1.39349280568347,1.2770646268865,1.32057652248119,1.3623255498673,1.30914991214027,1.24710181402249,1.3791271003258,1.43926564309602,1.32216538799446,1.40286635336391,1.33194315114323,1.53893629853995,NA,NA,NA,NA,NA
"600871",1.30430892876957,1.3170758162202,1.32629104310386,1.34282689502548,1.28379159301505,1.43019618738109,1.46739539882663,1.34285339487767,1.30768784744701,1.33519651081336,1.30924073170445,1.31104080439485,1.33755657281548,1.33453440392131,1.2998051307255,1.3635461657983,1.34472311710873,1.40351510596747,1.35454154250529,1.41171045110925,1.01472251974498,1.56653780299989,NA,NA,NA,NA
"601808",1.35603280416564,1.32459961714882,1.27627794003747,1.24096571240087,1.31354676969595,1.41048971267148,1.30802093227456,1.37474706672356,1.33072149910613,1.32642893369098,1.34258764994573,1.28264192567576,1.37611727436551,1.34883284108717,1.29443433426694,1.3558358216068,1.26356228228296,1.37079869601514,1.3167910429787,0.900783104135452,1.2900241242253,1.36234827858075,1.40616063121677,NA,NA,NA
"601857",1.37356742059935,1.38722307330571,1.41658209623796,1.31791654388549,1.35348053710741,1.49541722941484,1.44913625182395,1.42721902471271,1.49050016458148,1.46775638268665,1.4562142432562,1.42573715022442,1.49912957086508,1.38553584201495,1.42808878210307,1.09226479908552,1.41758886366753,1.39496580838143,1.43146506899144,1.41989444991893,1.28391432121586,1.40688817795925,1.39843222239558,1.30925964392214,NA,NA
"603003",1.29444855023662,1.10045999334108,1.1866855944412,1.04634405267174,1.16090362000588,1.31296773526819,1.23320925418165,1.3230978646139,1.36740622991779,1.28832464813788,1.30679025331648,1.27092661900753,1.29006313769343,1.25455037486178,1.30828431072018,1.44053042247596,1.19705530322639,1.16210817854652,1.31075707761959,1.32502423245122,1.29034718819722,1.40642276574295,1.36875326373789,1.35128791834607,1.50246890021182,NA
