"","000059","000096","000159","000554","000637","000819","002207","002221","002377","002554","002629","300084","300157","300164","300191","600028","600256","600339","600387","600583","600688","600759","600871","601808","601857","603003"
"000059",NA,NA,NA,NA,NA,NA,NA,NA,NA,NA,NA,NA,NA,NA,NA,NA,NA,NA,NA,NA,NA,NA,NA,NA,NA,NA
"000096",1.18571041133889,NA,NA,NA,NA,NA,NA,NA,NA,NA,NA,NA,NA,NA,NA,NA,NA,NA,NA,NA,NA,NA,NA,NA,NA,NA
"000159",1.29448297514556,1.23762334222875,NA,NA,NA,NA,NA,NA,NA,NA,NA,NA,NA,NA,NA,NA,NA,NA,NA,NA,NA,NA,NA,NA,NA,NA
"000554",1.1447183281389,0.74622915097907,1.31343338946778,NA,NA,NA,NA,NA,NA,NA,NA,NA,NA,NA,NA,NA,NA,NA,NA,NA,NA,NA,NA,NA,NA,NA
"000637",1.22921932534502,0.981435583308061,1.271025030677,0.745871028474233,NA,NA,NA,NA,NA,NA,NA,NA,NA,NA,NA,NA,NA,NA,NA,NA,NA,NA,NA,NA,NA,NA
"000819",1.39734780023423,1.34168397790126,1.29364833632806,1.33853106815678,1.26769938309538,NA,NA,NA,NA,NA,NA,NA,NA,NA,NA,NA,NA,NA,NA,NA,NA,NA,NA,NA,NA,NA
"002207",1.36413487871879,1.28356777119007,1.23925705271195,1.26306885056264,1.30744787574221,1.18419994036158,NA,NA,NA,NA,NA,NA,NA,NA,NA,NA,NA,NA,NA,NA,NA,NA,NA,NA,NA,NA
"002221",1.25930736058642,1.34775810883321,1.2669087034937,1.32927688400096,1.43343017128874,1.39072229518141,1.36747627562516,NA,NA,NA,NA,NA,NA,NA,NA,NA,NA,NA,NA,NA,NA,NA,NA,NA,NA,NA
"002377",1.30749967266123,1.44165329264118,1.28248230458794,1.35705847361598,1.34132827138651,1.45678625444383,1.25973271154186,1.38805234687953,NA,NA,NA,NA,NA,NA,NA,NA,NA,NA,NA,NA,NA,NA,NA,NA,NA,NA
"002554",1.37597011026187,1.26528586983088,1.18787206995588,1.2726759584561,1.17514366091844,1.13800429581238,1.30332660028697,1.47157304979063,1.47915005946623,NA,NA,NA,NA,NA,NA,NA,NA,NA,NA,NA,NA,NA,NA,NA,NA,NA
"002629",1.53503370698113,1.35761314468444,1.30650407871328,1.28260663276154,1.19270114451237,1.3799704637015,1.37327315039698,1.40622720860582,1.43378696138695,1.20738472643839,NA,NA,NA,NA,NA,NA,NA,NA,NA,NA,NA,NA,NA,NA,NA,NA
"300084",1.38280867455946,1.31157223198794,1.32164248419606,1.31848800000714,1.17576092870501,1.23456414208718,1.34153290124873,1.35007150054611,1.44174312104506,1.14176025194451,1.15020569537963,NA,NA,NA,NA,NA,NA,NA,NA,NA,NA,NA,NA,NA,NA,NA
"300157",1.43897050618199,1.29375055758962,1.27626075705836,1.34928984193884,1.31508924645425,1.19566241691852,0.996184066899666,1.39758291831498,1.43169755018162,1.1873544019649,1.25742214011464,1.19390902755506,NA,NA,NA,NA,NA,NA,NA,NA,NA,NA,NA,NA,NA,NA
"300164",1.37943446926239,1.27740551826765,1.31732495045029,1.21832486973451,1.09658142367737,1.27623129550365,1.38137682975517,1.20197118768258,1.46647318706322,0.973998447877068,1.1911351932192,0.970907607582008,1.2535992350944,NA,NA,NA,NA,NA,NA,NA,NA,NA,NA,NA,NA,NA
"300191",1.3778766142615,1.39739192468826,1.1783935340959,1.34139593576202,1.26626392636549,1.29751327038982,1.26619704884092,1.42579209093288,1.33486867677534,1.19665868847503,1.34297840373444,1.1014445882622,1.32290336540465,1.27157757789226,NA,NA,NA,NA,NA,NA,NA,NA,NA,NA,NA,NA
"600028",1.37841886972056,1.19404428597737,1.40859471224534,1.20817564581404,1.30802497168702,1.4903282206355,1.42802044343454,1.42106992912547,1.42492457098016,1.42668607472093,1.36936908761328,1.43506488155733,1.56897791174005,1.44391713784732,1.1773553212356,NA,NA,NA,NA,NA,NA,NA,NA,NA,NA,NA
"600256",1.32122615588635,1.28675080333783,1.33545578758949,1.20004296894312,1.28127567511656,1.49316490427523,1.32635128349817,1.26724178330584,1.42754154779655,1.39815429546906,1.41403160666489,1.28442297160461,1.10782876033775,1.3249029166544,1.37838526716256,1.43397022277714,NA,NA,NA,NA,NA,NA,NA,NA,NA,NA
"600339",1.21765567418932,0.846790028516755,1.23774784917303,0.928918487603842,1.00222490584436,1.39976599550487,1.23565689064965,1.36521025421146,1.3254604271163,1.40621205116847,1.27517851147602,1.39986384134854,1.32032510973883,1.42549166691588,1.33555015233045,1.13298418213484,1.23424293244455,NA,NA,NA,NA,NA,NA,NA,NA,NA
"600387",1.38062420994297,1.41521223246728,1.33763744475661,1.3903584976344,1.18140083023308,1.28478448812985,1.46593981057181,1.32118626176756,1.43974559729412,1.32779684394372,1.40866239341827,1.32043658551335,1.3005814581656,1.24044886043508,1.33872075161513,1.53752891860097,1.29580211790695,1.40366920902071,NA,NA,NA,NA,NA,NA,NA,NA
"600583",1.4268516602639,1.22116015267893,1.50902663029701,1.35527513875252,1.39374855989598,1.3253378175483,1.27020254386563,1.39968574999216,1.48014710715181,1.41003356509286,1.3746264510091,1.00849149575809,1.33781198289531,1.34051395152213,1.41946162735942,1.32875185944273,1.41574559376216,1.32400393183379,1.48006776507025,NA,NA,NA,NA,NA,NA,NA
"600688",1.25413116185326,1.1363339160912,1.33494706264851,1.13748636614451,1.13171091198813,1.45203461614987,1.36122033788978,1.31048509420214,1.38695673659293,1.2427078138655,1.41793420837429,1.23050076003459,1.02828688957641,1.29764710665089,1.12100119539109,1.06634241978521,0.866707805796536,1.20389644853634,1.28785765684304,1.40425729705136,NA,NA,NA,NA,NA,NA
"600759",1.36761486315204,1.19330879672306,1.43924537618441,1.33907593423701,1.36320184475787,1.2028926474986,1.18054680601187,1.40619535646737,1.35572152981135,1.24879337286869,0.940719578410189,1.12712076732062,1.28193234973479,1.3460230797016,0.996189457795532,1.36757633668084,1.57201401574884,1.23163556027355,1.22189719147039,1.1322878555237,1.59603172600196,NA,NA,NA,NA,NA
"600871",1.22385094447995,1.22637742370088,1.43979071596627,1.15349988841784,1.11358910870247,1.3260997408395,1.39576707050455,1.28782915283137,1.45042297605927,1.19878545308446,1.40782505627253,1.21278472321803,1.10157641004418,1.22750160168749,1.24404581253285,1.28921957689042,0.993418925423948,1.37966318177658,1.26557678885717,1.30065478929037,0.88723090078746,1.58294907844482,NA,NA,NA,NA
"601808",1.43913215189041,1.2067943925299,1.54998357787251,1.25696769864966,1.31634601456703,1.331484208265,1.23633390424922,1.41198724232733,1.45913088654554,1.38999994280037,1.38364866011375,1.09768782854611,1.34405952504622,1.31449952654854,1.39419255948884,1.28721979525065,1.31249835592035,1.28948722080611,1.46214726110004,0.760069485569731,1.52104284374272,0.972497677096726,1.41133227663917,NA,NA,NA
"601857",1.41603734526034,1.4210882970471,1.48502156671216,1.44221227679293,1.51185262490962,1.54326763956115,1.51553467080369,1.4502470144616,1.51600565202249,1.41700109653397,1.52450707479005,1.59285180618,1.51961983540343,1.46177425506197,1.41251138245084,1.15402032929034,1.50830175187269,1.43939117640929,1.43339226932674,1.473879340124,1.49017467637799,1.38259270828348,1.55799018979049,1.43725288413423,NA,NA
"603003",1.2504360109768,1.21143298668496,1.30375993542223,1.07685817636424,1.16822275138217,1.42840676278418,1.2618617872137,1.23883479894122,1.44931367634133,1.35377682394734,1.29319810247359,1.39619358872477,1.40166263731135,1.27527873194976,1.31570308246451,1.32630584782636,1.25141280133555,1.2507575322987,1.31416408006078,1.43922085769491,1.2921822433999,1.53563228614593,1.27726263204622,1.36840395526684,1.46765478392658,NA
