"","000059","000096","000159","000554","000637","000819","002207","002221","002377","002554","002629","300084","300157","300164","300191","600028","600256","600339","600387","600583","600688","600759","600871","601808","601857","603003"
"000059",NA,NA,NA,NA,NA,NA,NA,NA,NA,NA,NA,NA,NA,NA,NA,NA,NA,NA,NA,NA,NA,NA,NA,NA,NA,NA
"000096",1.25835615952256,NA,NA,NA,NA,NA,NA,NA,NA,NA,NA,NA,NA,NA,NA,NA,NA,NA,NA,NA,NA,NA,NA,NA,NA,NA
"000159",1.31620934762894,1.13426883964085,NA,NA,NA,NA,NA,NA,NA,NA,NA,NA,NA,NA,NA,NA,NA,NA,NA,NA,NA,NA,NA,NA,NA,NA
"000554",1.1989565912643,1.15218346600459,1.11506734531657,NA,NA,NA,NA,NA,NA,NA,NA,NA,NA,NA,NA,NA,NA,NA,NA,NA,NA,NA,NA,NA,NA,NA
"000637",1.22754267409279,1.1299951517909,1.02805443321775,1.01466076523792,NA,NA,NA,NA,NA,NA,NA,NA,NA,NA,NA,NA,NA,NA,NA,NA,NA,NA,NA,NA,NA,NA
"000819",1.25966052044805,1.22196329694684,1.14079504963825,1.20338477786993,1.18970131797411,NA,NA,NA,NA,NA,NA,NA,NA,NA,NA,NA,NA,NA,NA,NA,NA,NA,NA,NA,NA,NA
"002207",1.31157315708642,1.22365747835773,1.11101638602209,1.23667709696392,1.22549408989169,1.31206203104572,NA,NA,NA,NA,NA,NA,NA,NA,NA,NA,NA,NA,NA,NA,NA,NA,NA,NA,NA,NA
"002221",1.36954206851548,1.30176097098058,1.25760886540394,1.39281397593391,1.38976215329468,1.3426047321192,1.24983980329632,NA,NA,NA,NA,NA,NA,NA,NA,NA,NA,NA,NA,NA,NA,NA,NA,NA,NA,NA
"002377",1.23153580233462,1.25637938434724,1.23039754479244,1.18452600996505,1.18702166223556,1.28277241959152,1.4222547615026,1.31059884175704,NA,NA,NA,NA,NA,NA,NA,NA,NA,NA,NA,NA,NA,NA,NA,NA,NA,NA
"002554",1.21048525919183,1.28352096644652,1.16337925975867,1.21929517968972,1.22966809245508,1.27420840261484,1.19883444793262,1.37947606300468,1.24955925306399,NA,NA,NA,NA,NA,NA,NA,NA,NA,NA,NA,NA,NA,NA,NA,NA,NA
"002629",1.26261758018077,1.25870948315497,1.08774237451782,1.13785189974181,1.14999331189097,1.11745106819167,1.18110068438692,1.26181506642069,1.23869846832538,1.20512839988331,NA,NA,NA,NA,NA,NA,NA,NA,NA,NA,NA,NA,NA,NA,NA,NA
"300084",1.19847288382268,1.27440281839817,1.23762216715579,1.20856082973053,1.31724649301162,1.1915562072685,1.20504711234498,1.33686335127439,1.35127763863916,1.18656244647805,1.20454324836365,NA,NA,NA,NA,NA,NA,NA,NA,NA,NA,NA,NA,NA,NA,NA
"300157",1.21766343884613,1.13332730248714,1.1570996754959,1.15824686136918,1.1932983664799,1.22582850654492,1.16394719894325,1.37182193057164,1.31321266430151,1.10745572897918,1.13810301945725,1.12160892541733,NA,NA,NA,NA,NA,NA,NA,NA,NA,NA,NA,NA,NA,NA
"300164",1.22429750695113,1.23797252130627,1.21406882107851,1.16746949468376,1.24066616366557,1.30568223323025,1.21207771473122,1.33159696851127,1.24875416717763,1.17531943945855,1.15251739876775,1.10496926548244,1.1152372896912,NA,NA,NA,NA,NA,NA,NA,NA,NA,NA,NA,NA,NA
"300191",1.24283605112734,1.0886258860042,1.12857044786178,1.12554822008001,1.24027187362002,1.15825934163893,1.14444427154187,1.30099153367079,1.36086804092736,1.32601505093307,1.05356652475864,1.11036850247143,1.09909819793531,1.23114349297392,NA,NA,NA,NA,NA,NA,NA,NA,NA,NA,NA,NA
"600028",1.43911337810932,1.46184829205298,1.58668345696167,1.41396202658882,1.53816852223261,1.48652884063684,1.55976624842895,1.43214457657722,1.48760179616588,1.44071600607038,1.61518993296703,1.46040067865259,1.56618460919544,1.41213994470474,1.55632767521188,NA,NA,NA,NA,NA,NA,NA,NA,NA,NA,NA
"600256",1.28584205059127,1.29180598042297,1.22430269198475,1.27724033445952,1.26616930141691,1.26620832050176,1.31295408927645,1.33813436710056,1.27656827642223,1.2872910837415,1.24725016223407,1.23476908739855,1.27935136559241,1.19610389824675,1.26779104243527,1.47639135638214,NA,NA,NA,NA,NA,NA,NA,NA,NA,NA
"600339",1.24991655377548,1.16603394047079,1.10517704377094,1.09934546265696,1.03759579994573,1.13536893080915,1.15038469563453,1.3786331683654,1.23114232454699,1.13212637854221,1.10278645864356,1.19341833868561,1.13057546115185,1.15703737188076,1.07823240142254,1.48718056569639,1.32413287381333,NA,NA,NA,NA,NA,NA,NA,NA,NA
"600387",1.21363029977189,1.16944611348501,1.15549507763325,1.05959523895579,1.13132157168984,1.22633641116578,1.22538161252607,1.34892510273664,1.12620768305471,1.20606690064026,1.2031547457625,1.27281924876124,1.19540430997664,1.14815449440681,1.22394205849992,1.4954588186838,1.19415850227706,1.15478985364653,NA,NA,NA,NA,NA,NA,NA,NA
"600583",1.25265620492466,1.26657865517307,1.24229368534947,1.09406005926703,1.15790413053781,1.26474330767187,1.26388611012633,1.41741830363468,1.31747496940596,1.23078534881829,1.30252911759097,1.27028189224774,1.17334805017037,1.10315361698602,1.14361120631941,1.38797152046254,1.1573587807402,1.12687095966255,1.17798251866595,NA,NA,NA,NA,NA,NA,NA
"600688",1.26354517101235,1.26911836556482,1.34124494223223,1.01796657328276,1.18936803561531,1.34252678700225,1.36748412247118,1.43575918074922,1.39448947067343,1.36109183984331,1.37025497189104,1.36853103042048,1.27353419442843,1.36635519776739,1.2738941959428,1.30739637822196,1.31681696817727,1.3000095076291,1.21692512300468,1.04293335446705,NA,NA,NA,NA,NA,NA
"600759",1.13839144373809,1.16459868484268,1.10393231218798,1.13871568748907,1.13927528241825,1.09597366326866,1.23166056542016,1.29978356722171,1.15381002737064,1.06794552414249,1.18016222307197,1.16338190442995,1.22891910302674,1.05872667870386,1.17025568946303,1.43288135337131,1.36330697352667,1.15211148861826,1.02367695185964,1.3280524422393,1.26842488810113,NA,NA,NA,NA,NA
"600871",1.2080882472643,1.15522852038331,1.14493421585121,0.854334437902747,1.00424684716877,1.22822601265979,1.26491243535888,1.40662203353457,1.25740183800585,1.21726985682265,1.20664581570979,1.20233835470038,1.22510021660126,1.22047660581221,1.11276431849867,1.4154143415227,1.26947762803436,1.13964719958425,1.10250133024527,1.01729599435011,0.967566199978975,1.3023996674101,NA,NA,NA,NA
"601808",1.26948604887318,1.26584430101553,1.2171035223861,1.06514773793988,1.15612412838405,1.27632496150704,1.22045519824883,1.43672738011434,1.35885242974923,1.20546823950303,1.30394487753702,1.23045019206318,1.15396115834032,1.07772598108619,1.11441098192277,1.36562990708354,1.26112824879166,1.11213772592772,1.20017715241279,0.650594057178132,1.08615625539533,1.23829257320249,0.963701613436396,NA,NA,NA
"601857",1.44499955264148,1.44863371383313,1.53226963397536,1.40052934967546,1.55188815427778,1.49832085829685,1.59302199630346,1.42024314625264,1.50853665741498,1.42487650289393,1.59550861581951,1.46463748615759,1.57735384542094,1.28343377963427,1.57819352207906,0.816052196224924,1.43740095033216,1.47461533307323,1.51807046186569,1.42915418264662,1.42489846442867,1.55147552188213,1.45572112174733,1.41021947491727,NA,NA
"603003",1.23735908098047,1.15865967463644,1.15334648843803,1.21151189303206,1.21286845918957,1.25549545354039,1.21714259727974,1.28735889402777,1.26580691180684,1.28505899567499,1.18734560727066,1.24432709964581,1.17418679667459,1.2546942761079,1.1466741140363,1.48579729691463,1.33581139691575,1.16589001874108,1.2388769895769,1.27091910794704,1.32993727058753,1.15125009662781,1.23523896294211,1.26155561626558,1.47947184329435,NA
