"","000059","000096","000159","000554","000637","000819","002207","002221","002377","002554","002629","300084","300157","300164","300191","600028","600256","600339","600387","600583","600688","600759","600871","601808","601857","603003"
"000059",NA,NA,NA,NA,NA,NA,NA,NA,NA,NA,NA,NA,NA,NA,NA,NA,NA,NA,NA,NA,NA,NA,NA,NA,NA,NA
"000096",1.21017672661678,NA,NA,NA,NA,NA,NA,NA,NA,NA,NA,NA,NA,NA,NA,NA,NA,NA,NA,NA,NA,NA,NA,NA,NA,NA
"000159",1.25043817130728,1.20191724564843,NA,NA,NA,NA,NA,NA,NA,NA,NA,NA,NA,NA,NA,NA,NA,NA,NA,NA,NA,NA,NA,NA,NA,NA
"000554",1.17645944563577,1.15262083778654,1.05715029661059,NA,NA,NA,NA,NA,NA,NA,NA,NA,NA,NA,NA,NA,NA,NA,NA,NA,NA,NA,NA,NA,NA,NA
"000637",1.23102694729405,1.20455064515668,0.991175133278677,1.02098510089641,NA,NA,NA,NA,NA,NA,NA,NA,NA,NA,NA,NA,NA,NA,NA,NA,NA,NA,NA,NA,NA,NA
"000819",1.23595677628345,1.18639352020593,1.11427446098452,1.15477684923887,1.1975046580653,NA,NA,NA,NA,NA,NA,NA,NA,NA,NA,NA,NA,NA,NA,NA,NA,NA,NA,NA,NA,NA
"002207",1.25001406456688,1.21294688307302,1.05026593446792,1.27488356819151,1.26899955288851,1.23874911669987,NA,NA,NA,NA,NA,NA,NA,NA,NA,NA,NA,NA,NA,NA,NA,NA,NA,NA,NA,NA
"002221",1.32478337747711,1.26538863305439,1.2662531060125,1.40937606046492,1.38862187636589,1.31547128585613,1.25206134264182,NA,NA,NA,NA,NA,NA,NA,NA,NA,NA,NA,NA,NA,NA,NA,NA,NA,NA,NA
"002377",1.15942206153122,1.25672058477739,1.21712029584954,1.16692136527705,1.21276747579173,1.24363975672066,1.37145892649268,1.31684628552409,NA,NA,NA,NA,NA,NA,NA,NA,NA,NA,NA,NA,NA,NA,NA,NA,NA,NA
"002554",1.24562551998601,1.27472429744757,1.14276174050495,1.2044221379005,1.24416014371553,1.21107541624191,1.18311899021383,1.37328274810862,1.24485399570122,NA,NA,NA,NA,NA,NA,NA,NA,NA,NA,NA,NA,NA,NA,NA,NA,NA
"002629",1.20849827709004,1.13964541580933,0.938910896670982,1.09711524043016,1.12861205419835,0.96141467171512,1.14838040337435,1.22973654546737,1.23727522331232,1.15953171834303,NA,NA,NA,NA,NA,NA,NA,NA,NA,NA,NA,NA,NA,NA,NA,NA
"300084",1.23890490377919,1.36523109621158,1.21828407938526,1.2210072041577,1.33616238546109,1.20620136419505,1.16520377407103,1.38978447857835,1.42191343834425,1.20587311669942,1.25044921805791,NA,NA,NA,NA,NA,NA,NA,NA,NA,NA,NA,NA,NA,NA,NA
"300157",1.25538245618435,1.14434996206541,1.12474573018515,1.16936649207955,1.29477734942794,1.19514971272705,1.13421353828793,1.36838519740305,1.35582303479839,1.08212805705682,1.05444538321704,1.21727646982047,NA,NA,NA,NA,NA,NA,NA,NA,NA,NA,NA,NA,NA,NA
"300164",1.22783251701312,1.19238337001056,1.18172762694855,1.08957031405736,1.23403095875118,1.22727415558484,1.21281375339285,1.31721865939034,1.2416002532016,1.11458142659671,1.10817780090863,1.05615278137363,1.07878329957321,NA,NA,NA,NA,NA,NA,NA,NA,NA,NA,NA,NA,NA
"300191",1.25553333403131,1.08057651281429,1.0927232583595,1.11733850229732,1.29056381771978,1.13977731788642,1.07533953415959,1.27562038373152,1.36113285442972,1.37144473327578,0.997376516791166,1.01711595347768,1.1095768062101,1.22844040038373,NA,NA,NA,NA,NA,NA,NA,NA,NA,NA,NA,NA
"600028",1.44302652339511,1.50610763745952,1.58769759632346,1.42483434599473,1.54363239247794,1.50746721148181,1.59475096677529,1.45603928940194,1.48084558119092,1.48045522717994,1.70666619624828,1.4591914544051,1.61181721818071,1.39269938956091,1.64222049577971,NA,NA,NA,NA,NA,NA,NA,NA,NA,NA,NA
"600256",1.29042723992119,1.30315680817046,1.17163336355245,1.23438738913377,1.23108341358575,1.27821361765629,1.30647655264242,1.33587358861019,1.29862789220383,1.27298155846699,1.3089725097494,1.24148095390822,1.34822894008489,1.2051681906838,1.2693514878039,1.49107389368131,NA,NA,NA,NA,NA,NA,NA,NA,NA,NA
"600339",1.22767882487435,1.15404204097329,1.07913299072121,1.05373778737269,1.02358566692582,1.11482729021563,1.10488205070773,1.41096062339808,1.23305173244915,1.11737185377681,0.925954400358073,1.17566685126297,1.03910083738165,1.05913465824612,1.00677572506848,1.5453336493114,1.28061235432137,NA,NA,NA,NA,NA,NA,NA,NA,NA
"600387",1.1161512407375,1.1914183039116,1.1010677385614,1.03723493933909,1.10176571995925,1.16458580132931,1.2476128535395,1.34152748825572,1.17288537133907,1.20090892339182,1.2016074339236,1.24501692366182,1.29791212824309,1.12268337638769,1.22584752402656,1.48578462004216,1.19735527717017,1.15697851413217,NA,NA,NA,NA,NA,NA,NA,NA
"600583",1.28705563599423,1.27827623294254,1.20434857727753,0.993555528346842,1.12953671401966,1.26907665959528,1.32757779572509,1.44901633268247,1.35935953961861,1.26250227318924,1.33878256601014,1.24065090840857,1.27674135597543,1.06882003051437,1.17463390131615,1.38903719934233,1.13018865175298,1.09724887347668,1.17015963666935,NA,NA,NA,NA,NA,NA,NA
"600688",1.230510016079,1.24045839703168,1.24447718233956,0.966167803794297,1.15281068159661,1.28487222261133,1.44136409997556,1.46919097612808,1.46169232774018,1.37733387386569,1.33882801793087,1.41137555963021,1.36171223535562,1.37418037009565,1.24804605794588,1.35404336605524,1.31369485551031,1.22646673093312,1.17080766069892,0.914463571841913,NA,NA,NA,NA,NA,NA
"600759",1.06138455715,1.14519312666093,1.06054030707264,1.0046693245683,1.09626643548864,0.977282401334786,1.23529205580985,1.31629789329753,1.13923894565332,1.0119400659729,1.06732482855944,1.14300626632502,1.17568888879138,1.00320396151321,1.12202430977247,1.43702956370683,1.45658196219036,1.07062641325404,0.963676604321156,1.35021083813859,1.19734879562067,NA,NA,NA,NA,NA
"600871",1.24574626265571,1.20982760653091,1.16943364795223,0.876645286142634,1.01848085421487,1.2498441694062,1.39852172018661,1.43941330013181,1.27611670560829,1.24138959630519,1.29041093745146,1.23430868115738,1.36790727675507,1.22378950151745,1.17098998413097,1.42573214666329,1.27242517598787,1.15200361520193,1.04584880299777,1.01201448726639,0.94470480177862,1.31028192228762,NA,NA,NA,NA
"601808",1.28130376714931,1.26492713043143,1.18962242042138,0.979170464219012,1.11964755663331,1.27546058523621,1.26027619557711,1.44174068968245,1.40620795159297,1.21394202246731,1.3048520213084,1.18924375970615,1.20378354216912,1.03188497125429,1.1271684637921,1.38229791934431,1.23987785325625,1.08963971688778,1.18786645164896,0.618913721170445,0.968364478083548,1.25070765336783,0.957456064224076,NA,NA,NA
"601857",1.44134096441815,1.44813001107346,1.540154999354,1.44158319892402,1.55283439809535,1.50583624035224,1.59946754822976,1.37441203020994,1.47357822860961,1.44094455190272,1.71462041787742,1.41036624757765,1.61283693450408,1.23344425088939,1.66133839229897,0.835480251314758,1.42448491822284,1.51394112788641,1.49300073046985,1.45835592469542,1.50834029084835,1.60596936317629,1.45207736994137,1.44491621186017,NA,NA
"603003",1.16396093901245,1.14946351482946,1.0929990726413,1.15119330098131,1.23274879364976,1.22371639914324,1.1455567564812,1.28295414525258,1.26653939575346,1.21087253865297,1.14784645466776,1.19036671248445,1.16233738651708,1.1757369846695,1.13062318163244,1.49497972277377,1.30117677372598,1.08633667039074,1.23041357942589,1.25768042490687,1.31442454314824,1.05720814544438,1.22589974306824,1.23726368188773,1.44431599869358,NA
