"","000059","000096","000159","000554","000637","000819","002207","002221","002377","002554","002629","300084","300157","300164","300191","600028","600256","600339","600387","600583","600688","600759","600871","601808","601857","603003"
"000059",NA,NA,NA,NA,NA,NA,NA,NA,NA,NA,NA,NA,NA,NA,NA,NA,NA,NA,NA,NA,NA,NA,NA,NA,NA,NA
"000096",1.21465832810364,NA,NA,NA,NA,NA,NA,NA,NA,NA,NA,NA,NA,NA,NA,NA,NA,NA,NA,NA,NA,NA,NA,NA,NA,NA
"000159",1.23840008261347,1.16319651584552,NA,NA,NA,NA,NA,NA,NA,NA,NA,NA,NA,NA,NA,NA,NA,NA,NA,NA,NA,NA,NA,NA,NA,NA
"000554",1.16359536738094,0.889534872371756,1.21317867144784,NA,NA,NA,NA,NA,NA,NA,NA,NA,NA,NA,NA,NA,NA,NA,NA,NA,NA,NA,NA,NA,NA,NA
"000637",1.10036854381989,1.20110161292679,1.25900770944804,0.942548890739876,NA,NA,NA,NA,NA,NA,NA,NA,NA,NA,NA,NA,NA,NA,NA,NA,NA,NA,NA,NA,NA,NA
"000819",1.41813735346871,1.29244139804778,1.3307783204786,1.33482973013495,1.40768036115825,NA,NA,NA,NA,NA,NA,NA,NA,NA,NA,NA,NA,NA,NA,NA,NA,NA,NA,NA,NA,NA
"002207",1.29953252938803,1.25510257114112,1.26542032277465,1.24328145641911,1.25624693095364,1.28751591792166,NA,NA,NA,NA,NA,NA,NA,NA,NA,NA,NA,NA,NA,NA,NA,NA,NA,NA,NA,NA
"002221",1.33220270436727,1.27811829429454,1.30013682864221,1.30647350116941,1.3784704969032,1.3727096955368,1.40455632158281,NA,NA,NA,NA,NA,NA,NA,NA,NA,NA,NA,NA,NA,NA,NA,NA,NA,NA,NA
"002377",1.32768405655159,1.36636218855032,1.28971368093375,1.3258690447207,1.32699188588658,1.46689575685077,1.41677873024448,1.38958526535775,NA,NA,NA,NA,NA,NA,NA,NA,NA,NA,NA,NA,NA,NA,NA,NA,NA,NA
"002554",1.27392482053086,1.26911252424839,1.2318043976757,1.28285462866919,1.23156668443307,1.30996626891476,1.28534041302436,1.38359611918414,1.40203799997495,NA,NA,NA,NA,NA,NA,NA,NA,NA,NA,NA,NA,NA,NA,NA,NA,NA
"002629",1.36968503180965,1.28284913785684,1.27193140284327,1.13231819505288,1.23514015504014,1.44195597118048,1.45052732633255,1.37586320253375,1.50440387310077,1.28763847814001,NA,NA,NA,NA,NA,NA,NA,NA,NA,NA,NA,NA,NA,NA,NA,NA
"300084",1.24957635893101,1.2759079238404,1.31219880470873,1.24277758989175,1.24502450756399,1.38321759399926,1.31610143218849,1.37361707020923,1.31045308096705,1.19470448467821,1.0768057649224,NA,NA,NA,NA,NA,NA,NA,NA,NA,NA,NA,NA,NA,NA,NA
"300157",1.398369570392,1.30485036689276,1.24165025798126,1.39068193997897,1.36686177886749,1.34443867529907,1.11819238356046,1.36676753929795,1.44935173614133,1.1781462938181,1.33028364171132,1.2859181189805,NA,NA,NA,NA,NA,NA,NA,NA,NA,NA,NA,NA,NA,NA
"300164",1.23634512414389,1.27659327891372,1.27441835164705,1.28051137659619,1.30870198899515,1.4879583665899,1.3656140336693,1.19457911543555,1.42843863260558,1.2701691727273,1.26792751124101,1.30180075267961,1.27064135984716,NA,NA,NA,NA,NA,NA,NA,NA,NA,NA,NA,NA,NA
"300191",1.32560071518212,1.40474794564385,1.26621960635989,1.33700975329318,1.30517580001787,1.37524608689327,1.26748124515918,1.38033475598756,1.39631218857609,1.22213455094232,1.37461632658446,1.20225139940158,1.33036911683405,1.36550677151254,NA,NA,NA,NA,NA,NA,NA,NA,NA,NA,NA,NA
"600028",1.41213835140366,1.31955664318496,1.3689636698161,1.29713270071785,1.36112278650435,1.47358594941072,1.48389668774586,1.40965928235838,1.44078760184337,1.45176654391662,1.32154792044852,1.45166761188078,1.57102424079569,1.42946564497576,1.15615022568658,NA,NA,NA,NA,NA,NA,NA,NA,NA,NA,NA
"600256",1.32262905300499,1.35724735344257,1.27529752195632,1.34156874784965,1.33676289612804,1.4552848502975,1.3286579386742,1.38004921148442,1.42976138346045,1.31239977432506,1.50035419905905,1.43061721636432,1.27547078591916,1.42850269672042,1.38196266757687,1.54200273328671,NA,NA,NA,NA,NA,NA,NA,NA,NA,NA
"600339",1.12909588427954,1.031284084791,1.08865334150998,1.00765834772635,1.05294587169924,1.3837966365734,1.21790028829578,1.31264880713957,1.33902078295174,1.26613671948921,1.2334017715277,1.27103605689736,1.37570450410391,1.32547943754904,1.30362791539623,1.31479013375413,1.30126874765924,NA,NA,NA,NA,NA,NA,NA,NA,NA
"600387",1.23844961325026,1.37128991715667,1.28304998059883,1.31433056092307,1.12640082705136,1.37450084224299,1.33718294850282,1.29866327724726,1.35187621965343,1.21274283404588,1.48468217995422,1.32743917938723,1.25652784822448,1.42699938154448,1.36982281376735,1.46893469418793,1.30140042538988,1.26665906957365,NA,NA,NA,NA,NA,NA,NA,NA
"600583",1.36450869170314,1.35564960419966,1.45632872814278,1.36903956404522,1.40006633115316,1.46231154889943,1.38952431535835,1.406573931772,1.47149093374536,1.35952438543938,1.31697016396568,1.26754188930307,1.36126814360653,1.47748747325572,1.45622931651,1.39517379131346,1.40198610373501,1.36113668289866,1.43833693752327,NA,NA,NA,NA,NA,NA,NA
"600688",1.23204352832825,1.26108955080362,1.35258266486092,1.2265760488867,1.16806957256803,1.54461831723246,1.43963470621905,1.36452159189956,1.40239704623422,1.30148425614762,1.35583414335559,1.3529803759756,1.11178523412047,1.38175392274993,1.19221225268382,1.15551007783673,1.13227959230359,1.24418457383346,1.23737626527039,1.47600810275787,NA,NA,NA,NA,NA,NA
"600759",1.40086325220884,1.27142355081714,1.43109618535586,1.24803806949248,1.34666746608621,1.22388050003928,1.31365326079223,1.43433035754255,1.46890270624205,1.41549787266425,1.08183767517133,1.17556211369366,1.40567124497458,1.35319494999659,1.11938987870285,1.41886577326205,1.56153905220102,1.29566873631696,1.44015493645651,1.32284436457574,1.60712281505646,NA,NA,NA,NA,NA
"600871",1.23119416652892,1.33596565077797,1.46334499205629,1.35327669140179,1.23710268988393,1.54103226021926,1.4869112195035,1.35321311031986,1.46384417510408,1.3222735452657,1.28588408056493,1.43367047649052,1.12727151171158,1.25803120297014,1.43228322421665,1.26138737936129,1.2094140323042,1.43634796785976,1.30984964899484,1.4007837654402,0.980297857330927,1.60225689277188,NA,NA,NA,NA
"601808",1.38679955654001,1.30041685133261,1.43327235226989,1.31874920813042,1.38017864575973,1.43015590146293,1.31993549345945,1.42332156567723,1.45516071030587,1.37711629662206,1.48660914023473,1.34345365996048,1.39584748216084,1.37648630902322,1.46845357555487,1.34266132018931,1.35226622136646,1.40079446635545,1.37528809092638,0.863059370973626,1.53966802647087,1.25723493328115,1.4552745877492,NA,NA,NA
"601857",1.41133295264143,1.42062013843932,1.41231529101489,1.41573707161441,1.44784104422741,1.47789053511446,1.46371282767414,1.46650924582304,1.44706887034403,1.45699919849562,1.47279566703057,1.50442731719998,1.51709961130119,1.4600977872381,1.40036052119876,1.07688760584197,1.44830083593814,1.42648090965749,1.43550902446007,1.4514259954194,1.41941638649,1.46403500063044,1.52992107348493,1.33151354147525,NA,NA
"603003",1.23643637285422,1.26469514832214,1.28157459280406,1.11933675051042,1.18612846668873,1.36939771878021,1.26777400812906,1.32863966394921,1.37749469220529,1.33330302496685,1.25521508754026,1.33885853564539,1.41654201119712,1.28382161774668,1.34390986183287,1.3955955120136,1.34526248439421,1.14897745742876,1.28355215637543,1.37378469149976,1.33385506034206,1.39063282575927,1.3619143142403,1.33908753124055,1.49181471403516,NA
