"","000059","000096","000159","000554","000637","000819","002207","002221","002377","002554","002629","300084","300157","300164","300191","600028","600256","600339","600387","600583","600688","600759","600871","601808","601857","603003"
"000059",NA,NA,NA,NA,NA,NA,NA,NA,NA,NA,NA,NA,NA,NA,NA,NA,NA,NA,NA,NA,NA,NA,NA,NA,NA,NA
"000096",1.25852953851571,NA,NA,NA,NA,NA,NA,NA,NA,NA,NA,NA,NA,NA,NA,NA,NA,NA,NA,NA,NA,NA,NA,NA,NA,NA
"000159",1.51085437843873,1.17712796605189,NA,NA,NA,NA,NA,NA,NA,NA,NA,NA,NA,NA,NA,NA,NA,NA,NA,NA,NA,NA,NA,NA,NA,NA
"000554",1.24010080517739,0.601584182372912,1.19464310149658,NA,NA,NA,NA,NA,NA,NA,NA,NA,NA,NA,NA,NA,NA,NA,NA,NA,NA,NA,NA,NA,NA,NA
"000637",1.06048839947764,0.843880521902062,1.26818230035093,0.724659094301189,NA,NA,NA,NA,NA,NA,NA,NA,NA,NA,NA,NA,NA,NA,NA,NA,NA,NA,NA,NA,NA,NA
"000819",1.45342723344081,1.25960062792404,1.50007958521288,1.34095839848021,1.15177703119809,NA,NA,NA,NA,NA,NA,NA,NA,NA,NA,NA,NA,NA,NA,NA,NA,NA,NA,NA,NA,NA
"002207",1.55833140205456,1.22527067469218,1.23523734718827,1.27412932860877,1.22756525961169,1.07432070250512,NA,NA,NA,NA,NA,NA,NA,NA,NA,NA,NA,NA,NA,NA,NA,NA,NA,NA,NA,NA
"002221",1.47734184050214,1.29743892273065,1.31333847668368,1.22998165468556,1.44639684333192,1.47230477451024,1.34624696528,NA,NA,NA,NA,NA,NA,NA,NA,NA,NA,NA,NA,NA,NA,NA,NA,NA,NA,NA
"002377",1.67897910450744,1.33471915690919,1.14204679346931,1.26681524854983,1.34525493139418,1.38980894786416,0.915371355257694,1.24949264496253,NA,NA,NA,NA,NA,NA,NA,NA,NA,NA,NA,NA,NA,NA,NA,NA,NA,NA
"002554",1.25080691277087,1.0604676132144,1.36879256788649,1.07622828196901,0.9962729682348,1.02370195615792,1.37682399252895,1.43339551632669,1.53859582429043,NA,NA,NA,NA,NA,NA,NA,NA,NA,NA,NA,NA,NA,NA,NA,NA,NA
"002629",1.55987108295412,0.911612584271755,1.11530316764026,1.12946371321189,1.20234904868601,1.34146740499835,1.40944168717539,1.35030393510165,1.14980734812565,1.07578957461697,NA,NA,NA,NA,NA,NA,NA,NA,NA,NA,NA,NA,NA,NA,NA,NA
"300084",1.4518774215121,0.939712236237412,1.10031730476527,0.874039656220325,1.03204371648091,1.35781182393599,1.41415974367844,1.27611094540652,1.2785574005443,1.0208446496692,1.07312338118539,NA,NA,NA,NA,NA,NA,NA,NA,NA,NA,NA,NA,NA,NA,NA
"300157",1.58305381991088,0.961638627229263,1.41070361230431,1.16806480042622,1.14913196017683,0.840609223353728,0.960908909025307,1.36371143881345,1.1322316654345,1.03596006172666,0.938598870952082,1.23027412924863,NA,NA,NA,NA,NA,NA,NA,NA,NA,NA,NA,NA,NA,NA
"300164",1.50690265303057,1.0175924609363,1.32626645100563,1.04739748035563,1.02572098592548,1.02386354607626,1.02049355334235,1.23232462894719,1.13435702862469,1.12482392236818,0.798571741316335,0.920403275080906,0.812799498855544,NA,NA,NA,NA,NA,NA,NA,NA,NA,NA,NA,NA,NA
"300191",1.31863403044754,1.01624788230699,1.29621130898011,1.18472670498567,1.20326123991349,1.34192435854546,1.41866541260555,1.44449166291058,1.40528616881331,1.16192128299346,0.720470362643297,1.05112734105091,1.05040370518405,1.29134845580902,NA,NA,NA,NA,NA,NA,NA,NA,NA,NA,NA,NA
"600028",1.41917522357968,1.00988821143986,1.35683659909223,0.942271670251693,1.22282529168437,1.47579009922995,1.38449922746568,1.18116048037384,1.17430373555814,1.21032535389453,1.08228622390594,1.02094911710926,1.14714363490801,1.17216667463128,1.17286913898031,NA,NA,NA,NA,NA,NA,NA,NA,NA,NA,NA
"600256",1.17410858701579,1.18459649275342,1.37462898038049,1.10787470783465,1.17717690243513,1.45365626231401,1.51575702713952,1.32316474506772,1.52727569503158,1.04421563767039,1.27083152988195,1.1987544251102,1.36044019950282,1.49022976021805,1.19869827158438,1.12433953736157,NA,NA,NA,NA,NA,NA,NA,NA,NA,NA
"600339",1.3186691770026,0.715609559027863,1.08306967288423,0.765195298431938,0.987155916669813,1.4128720037055,1.32387210333994,1.33551332028086,1.28039457129116,1.14128382318624,1.0166428612127,0.952798823599796,1.18166949700094,1.33416263657184,1.07882654621649,0.919373316434958,1.09513255132802,NA,NA,NA,NA,NA,NA,NA,NA,NA
"600387",1.2774649863092,1.12192998129129,1.48768013495527,1.26383472809634,1.01547463677364,0.919787818565361,1.31131613621345,1.52981119987418,1.52184841471934,1.06910094165698,1.10067289015523,1.34717529703548,0.943176717976567,1.03791067757169,1.12443434662053,1.49709403716392,1.37353383538873,1.32469273870941,NA,NA,NA,NA,NA,NA,NA,NA
"600583",1.42053039750116,1.14774861822114,1.52160783768124,1.33778849062539,1.24037822313164,1.01175482698746,1.18704206835726,1.57635085032366,1.497601215995,1.2174101444232,1.29277293080453,1.20170715011625,1.01933589343709,1.15215525893207,1.31677295195839,1.48745538396764,1.45231956884563,1.3527472320391,1.05049985470699,NA,NA,NA,NA,NA,NA,NA
"600688",1.30340828887338,1.21071158613858,1.40719603121574,0.966466436361707,1.10601943775864,1.43156104873215,1.44972678968212,1.16856719847425,1.36443245534983,1.15444702135406,1.63129159503453,1.35049225253395,1.38122995813113,1.26846504768584,1.56605065603541,1.059958346093,0.872415142857238,1.1632419165809,1.50482235124373,1.53261718451132,NA,NA,NA,NA,NA,NA
"600759",1.47446315177354,0.729433263508566,1.14475080078134,0.978871227994168,1.08422232545274,1.10168489040551,0.979368300927804,1.23367449709845,1.00273164740564,1.25239285823908,0.806581399384973,0.674681806293709,0.743000622930111,0.777849930125172,0.71099913072918,1.08738439484599,1.64077208369223,1.0220277778065,1.06768654513932,1.12512235367352,1.75537512223987,NA,NA,NA,NA,NA
"600871",1.17157675330591,1.57294758098012,1.47165972393319,1.36819111458132,1.29083419045653,1.51048431968126,1.70166843002139,1.15671792941452,1.60783871622216,1.40985940978488,1.69123067671722,1.57685004130076,1.61736380810269,1.74214603644018,1.73076306301682,1.53034366506809,1.01284323368078,1.48790468501013,1.65726027639459,1.64407756889721,0.934174537238836,1.84519394264247,NA,NA,NA,NA
"601808",1.23297342177825,1.01782331198958,1.37332979061863,1.25695909897105,1.22639863774393,1.32576335575237,1.44988370771869,1.54629792386663,1.60160853463011,1.20066579435949,0.912245808136848,1.2205762175852,1.16567874294021,1.35394327465129,0.828843119670916,1.42549408986496,1.3171341972553,1.13772825132707,1.05115957458302,1.0147910477068,1.6481551738224,0.955535947672047,1.75013278885236,NA,NA,NA
"601857",1.59858309982471,1.44691951797793,1.53412840813956,1.45873873762775,1.68588647495847,1.61961818515499,1.50177292698406,1.2858331712621,1.39225120210115,1.50793860494444,1.41708418523445,1.47239132278689,1.35211800156074,1.50594275368286,1.49092172333351,1.16119486511635,1.48672351139311,1.43147554604616,1.58293380797185,1.49170345193192,1.43299477607144,1.47356034989909,1.63973921760885,1.50211751309552,NA,NA
"603003",1.4205282022813,1.17658758316926,1.1135393697922,0.972681485890759,1.19189879883145,1.52262241370974,1.31446844707607,1.03614964832194,1.31557612101257,1.43237891020481,1.21566755375122,1.21718961228582,1.47192262040777,1.10705158564448,1.34482004224338,1.26292901506409,1.39538549601268,1.28717952338638,1.49524803526719,1.55666686235719,1.22240226031312,1.11133275693306,1.34748612662476,1.46275936340639,1.44993990153733,NA
