"","000059","000096","000159","000554","000637","000819","002207","002221","002377","002554","002629","300084","300157","300164","300191","600028","600256","600339","600387","600583","600688","600759","600871","601808","601857","603003"
"000059",NA,NA,NA,NA,NA,NA,NA,NA,NA,NA,NA,NA,NA,NA,NA,NA,NA,NA,NA,NA,NA,NA,NA,NA,NA,NA
"000096",1.43715697494849,NA,NA,NA,NA,NA,NA,NA,NA,NA,NA,NA,NA,NA,NA,NA,NA,NA,NA,NA,NA,NA,NA,NA,NA,NA
"000159",1.1462231301322,1.24845711739651,NA,NA,NA,NA,NA,NA,NA,NA,NA,NA,NA,NA,NA,NA,NA,NA,NA,NA,NA,NA,NA,NA,NA,NA
"000554",1.22724713642043,1.12695820154882,0.859153165121659,NA,NA,NA,NA,NA,NA,NA,NA,NA,NA,NA,NA,NA,NA,NA,NA,NA,NA,NA,NA,NA,NA,NA
"000637",1.22446980003443,1.28525859194778,1.00485170178795,1.05487187222651,NA,NA,NA,NA,NA,NA,NA,NA,NA,NA,NA,NA,NA,NA,NA,NA,NA,NA,NA,NA,NA,NA
"000819",1.39570270289904,1.43576112320637,1.02310009784409,0.983271547779965,1.12915546700087,NA,NA,NA,NA,NA,NA,NA,NA,NA,NA,NA,NA,NA,NA,NA,NA,NA,NA,NA,NA,NA
"002207",1.05726209621351,1.39089959102924,1.08620682809764,1.16100532518932,1.01867959035907,1.17193422392926,NA,NA,NA,NA,NA,NA,NA,NA,NA,NA,NA,NA,NA,NA,NA,NA,NA,NA,NA,NA
"002221",1.49465675183097,1.1562408787614,1.30873769961584,1.12376749085753,1.02196937897838,1.28882249754804,1.50813242329464,NA,NA,NA,NA,NA,NA,NA,NA,NA,NA,NA,NA,NA,NA,NA,NA,NA,NA,NA
"002377",1.3178260314626,1.58239146374219,1.21447360635254,1.34732744145551,1.19194760506662,1.16408837916654,1.54961726877846,1.3859031206241,NA,NA,NA,NA,NA,NA,NA,NA,NA,NA,NA,NA,NA,NA,NA,NA,NA,NA
"002554",1.23682229211034,1.23607248018225,1.12520336517024,1.03426420949265,1.17680309664611,1.22651152382959,1.331891769756,1.33762256015373,1.32497036598363,NA,NA,NA,NA,NA,NA,NA,NA,NA,NA,NA,NA,NA,NA,NA,NA,NA
"002629",1.52094253047035,1.51779450705418,1.08623512037742,1.20642971234136,1.1845665006969,0.797956597188784,1.31498136760455,1.28955473155679,1.16983004637206,1.37351531646132,NA,NA,NA,NA,NA,NA,NA,NA,NA,NA,NA,NA,NA,NA,NA,NA
"300084",1.18174316258445,1.50709923177107,1.02875276593756,1.28415677087528,1.33266156231667,1.06773415242228,1.1517623079569,1.62867377827715,1.27041485733509,1.3359181790964,0.933116025836731,NA,NA,NA,NA,NA,NA,NA,NA,NA,NA,NA,NA,NA,NA,NA
"300157",1.42458368603251,1.49022820138912,1.42787168214859,1.36582133797079,1.42263767371137,1.36922808081809,1.68803766299516,1.60215310963092,1.23396987613338,1.20833366522596,1.28404116948441,1.22116438390267,NA,NA,NA,NA,NA,NA,NA,NA,NA,NA,NA,NA,NA,NA
"300164",1.13581313973555,1.17806432529401,0.93060082017609,0.777911157479585,1.13161741929471,0.946030904847163,1.06870604080405,1.27109658836441,1.31207564420603,1.00414723889117,1.03064231666629,1.07450386814734,1.42067773690065,NA,NA,NA,NA,NA,NA,NA,NA,NA,NA,NA,NA,NA
"300191",1.59040469320084,1.46519781479597,1.3401070111138,1.42857268351531,1.51030145926234,1.15646726835229,1.21112643388065,1.54235548860369,1.30720886782335,1.55736956627052,0.911212109739698,1.11673672636372,1.35587660589888,1.08696290020287,NA,NA,NA,NA,NA,NA,NA,NA,NA,NA,NA,NA
"600028",1.11546179140085,1.38433095232543,1.49789790044487,1.35798372804874,1.37395273044274,1.5829590776197,1.42193007869909,1.36768338624147,1.45607529494538,1.25294151469191,1.69072297806361,1.48054926289018,1.42656446899256,1.0642623996171,1.61329521683806,NA,NA,NA,NA,NA,NA,NA,NA,NA,NA,NA
"600256",1.20726439761986,1.31461430672292,1.22943656713485,1.30933624594624,1.41756027768468,1.39441414269344,1.54797536721422,1.35908809941868,1.29451180372963,1.40345197077966,1.39822420670262,1.3983517455529,1.47700180834736,1.12174073656684,1.4407179122132,1.26884295289721,NA,NA,NA,NA,NA,NA,NA,NA,NA,NA
"600339",1.26147529768012,1.33057322899676,1.12976861534247,1.10482346702307,1.3338982273823,1.19844823602204,1.56456747921355,1.47291708473104,1.1518086585611,1.14989469174927,1.33700197877539,1.1562398812788,0.896070268437324,1.07392264598272,1.32502549041751,1.40101227922805,1.19110049936072,NA,NA,NA,NA,NA,NA,NA,NA,NA
"600387",1.20292110182074,1.35920283554361,0.95241746896179,0.9132535266409,1.10465290622216,0.875708897501646,1.3897943460014,1.29886062277922,0.915962419758274,1.04285030781605,1.13867443499316,1.12904419740825,1.21782761211276,0.773450404842557,1.21434975717544,1.29601515734171,1.19944972292439,0.922834226123446,NA,NA,NA,NA,NA,NA,NA,NA
"600583",1.00970990988575,1.26352507949045,1.12609540912639,1.19296424345698,1.37643376496908,1.44228325261344,1.2222956387735,1.42339385739421,1.56556180993023,1.29798690497046,1.42365731183599,1.20755571201298,1.55427166706194,0.800789384503555,1.50172279296806,1.03367552475612,1.02599835192529,1.25067689070955,1.27789790900581,NA,NA,NA,NA,NA,NA,NA
"600688",1.10360447120711,1.30190132633557,1.38973681621768,1.21549809581513,1.23124552878699,1.49716058244917,1.59407699593818,1.17296375274782,1.39264076330986,1.09429334920656,1.53797372632108,1.45576638718158,1.29267302050249,1.29988314818694,1.67231332478226,0.945406205689457,1.27603769930876,1.2060446447073,1.24351345642841,1.10903163122526,NA,NA,NA,NA,NA,NA
"600759",1.12938493005911,1.26205949767699,0.959174983394555,1.02666632309139,1.26465260474669,1.10206613685311,1.17419927755085,1.45054977971635,1.25859604757171,1.08329555016432,0.958845901552504,1.03943125566582,1.47116051820473,0.74475473874073,1.08455653711316,1.27635695012926,1.38640924658913,1.11048226497954,0.894626456057988,1.23594736847778,1.3468373557117,NA,NA,NA,NA,NA
"600871",1.54376256488019,1.2182318858899,1.26265063528912,1.15163514161966,1.39812718690236,1.31013804409676,1.7268018458558,1.2554396093537,1.41141048654246,1.27019835860035,1.445901670486,1.47601548804456,1.39814582314215,1.12858227689474,1.26632438582536,1.47069774771735,1.21745330177955,1.16103038809491,1.11781740917155,1.33297776671866,1.34304147949721,1.31116418893056,NA,NA,NA,NA
"601808",1.19565815222512,1.275701407893,1.18075608796707,1.16859306860212,1.33938631719099,1.41363268265493,1.31089819062533,1.39731664016795,1.58847745262233,1.14279468999968,1.39930293616666,1.242959463598,1.4298011044711,0.785484343147167,1.42017970405917,1.00623268391096,1.25141693892959,1.24697403378195,1.27633248502706,0.655606097011439,1.08645413902932,1.1945196626712,1.21730169038301,NA,NA,NA
"601857",1.06788503805318,1.32795408954612,1.32032268537374,1.20772217837029,1.37666626015688,1.4842813624676,1.43519412610432,1.32876117306196,1.40626038567978,1.18137848870967,1.60646235744723,1.36914060410136,1.46435781533691,1.04939437678713,1.58093012677065,0.856256204422719,1.12541459860283,1.20131534415732,1.24063220052642,0.951384695020714,1.03316763945139,1.34361194707418,1.30908939573233,1.04205126396502,NA,NA
"603003",1.34023180334925,1.3470368645675,1.06466055435051,1.12464858397325,1.12609681375027,1.13962518089907,1.19834917924909,1.36724568671367,1.25631572728465,1.37059066880227,1.05943852429139,1.16674895411578,1.33742717301981,0.978446717233732,1.31103790404914,1.4173311291388,1.39902486062087,1.24675425750443,1.14673250630558,1.33173630575702,1.52880121667235,1.15454520221559,1.45711394853888,1.29497394593173,1.50427362965294,NA
