"","000059","000096","000159","000554","000637","000819","002207","002221","002377","002554","002629","300084","300157","300164","300191","600028","600256","600339","600387","600583","600688","600759","600871","601808","601857","603003"
"000059",NA,NA,NA,NA,NA,NA,NA,NA,NA,NA,NA,NA,NA,NA,NA,NA,NA,NA,NA,NA,NA,NA,NA,NA,NA,NA
"000096",1.21060524891407,NA,NA,NA,NA,NA,NA,NA,NA,NA,NA,NA,NA,NA,NA,NA,NA,NA,NA,NA,NA,NA,NA,NA,NA,NA
"000159",1.19841203779822,1.22550291659703,NA,NA,NA,NA,NA,NA,NA,NA,NA,NA,NA,NA,NA,NA,NA,NA,NA,NA,NA,NA,NA,NA,NA,NA
"000554",1.16865275738459,1.20153045837139,1.02622586074738,NA,NA,NA,NA,NA,NA,NA,NA,NA,NA,NA,NA,NA,NA,NA,NA,NA,NA,NA,NA,NA,NA,NA
"000637",1.23833169614582,1.27897560489243,0.951534270586945,1.01838131314815,NA,NA,NA,NA,NA,NA,NA,NA,NA,NA,NA,NA,NA,NA,NA,NA,NA,NA,NA,NA,NA,NA
"000819",1.19946876051799,1.148143367616,1.10738075922742,1.13788840820582,1.24794361892103,NA,NA,NA,NA,NA,NA,NA,NA,NA,NA,NA,NA,NA,NA,NA,NA,NA,NA,NA,NA,NA
"002207",1.2397644936492,1.15673461383948,0.990304685581459,1.33858552871357,1.2560690843908,1.21204588096758,NA,NA,NA,NA,NA,NA,NA,NA,NA,NA,NA,NA,NA,NA,NA,NA,NA,NA,NA,NA
"002221",1.32629096845545,1.24616487684093,1.29878890192188,1.38435036921146,1.30316231212454,1.36135825826526,1.31864434192186,NA,NA,NA,NA,NA,NA,NA,NA,NA,NA,NA,NA,NA,NA,NA,NA,NA,NA,NA
"002377",1.17115303699864,1.35835308379296,1.29220376610881,1.17175003987916,1.14145399185786,1.30493337388634,1.34307058978274,1.32211871722104,NA,NA,NA,NA,NA,NA,NA,NA,NA,NA,NA,NA,NA,NA,NA,NA,NA,NA
"002554",1.26195542895874,1.25633034644815,1.13216534026466,1.22687710944619,1.26415760462569,1.17735807698997,1.28105578127115,1.43987466423371,1.28057023412248,NA,NA,NA,NA,NA,NA,NA,NA,NA,NA,NA,NA,NA,NA,NA,NA,NA
"002629",1.19343052556048,1.02902236297747,0.917803073569008,1.14931398081098,1.17458659143696,0.890986590677107,1.14484682480347,1.19343482092322,1.29441205984074,1.16302840632255,NA,NA,NA,NA,NA,NA,NA,NA,NA,NA,NA,NA,NA,NA,NA,NA
"300084",1.25419620519329,1.3874833918046,1.2137492656181,1.23358212258493,1.32818762462608,1.15711671898464,1.10788203264788,1.44837052489468,1.35161160347177,1.15052352000843,1.26276219369447,NA,NA,NA,NA,NA,NA,NA,NA,NA,NA,NA,NA,NA,NA,NA
"300157",1.31498575337576,1.13968001162229,1.1415038356309,1.1867806378455,1.32035890570765,1.19588434623814,1.25964356559127,1.40136807706141,1.43784342302887,1.03465861253563,1.07624673791642,1.2779737962105,NA,NA,NA,NA,NA,NA,NA,NA,NA,NA,NA,NA,NA,NA
"300164",1.22579681997461,1.16544688966779,1.14967777657581,1.05691536799668,1.23493082505626,1.16407808236249,1.22415690798191,1.29303857807693,1.244328269304,1.07258323351765,1.09570596241903,1.01495628505798,1.12693272464172,NA,NA,NA,NA,NA,NA,NA,NA,NA,NA,NA,NA,NA
"300191",1.26400554667334,1.08503064566634,1.11661955247848,1.22606597992548,1.36143602636634,1.16021308052267,1.06779812366998,1.25694676520589,1.48222149251372,1.38560720310363,0.990411689024139,1.09466583348006,1.17079922369568,1.17977789542928,NA,NA,NA,NA,NA,NA,NA,NA,NA,NA,NA,NA
"600028",1.48084880965205,1.59504604749403,1.62115526979224,1.46985394400284,1.53440434211293,1.54600514949,1.60274128683078,1.47943871227244,1.39434196425782,1.4352967640653,1.73767954144459,1.41984777855899,1.55624779623152,1.29532279419753,1.68212674670819,NA,NA,NA,NA,NA,NA,NA,NA,NA,NA,NA
"600256",1.32002856748022,1.32864415196202,1.18988530337252,1.26781469719854,1.25272442084818,1.28385146852547,1.38504077485857,1.31412574096843,1.35900709236043,1.31590019978229,1.35104392247964,1.27715040834477,1.42379700795274,1.19130499054429,1.36673311434599,1.47047512870349,NA,NA,NA,NA,NA,NA,NA,NA,NA,NA
"600339",1.17692593186875,1.17153104253471,1.08314723934473,1.0767500248238,1.04718469875144,1.12381044256504,1.13571460967245,1.40607137686625,1.28801758018416,1.1126050658322,0.923193111901509,1.16149461281384,0.990570530641146,0.99513347939194,1.08644232248891,1.53304454416886,1.31124626653854,NA,NA,NA,NA,NA,NA,NA,NA,NA
"600387",1.13583929603019,1.25939619774809,1.05202051189133,1.06964221451723,1.12721819832195,0.993858636736508,1.22275680239604,1.30671389788173,1.14219715464887,1.17447839358745,1.17097957723186,1.18664025109985,1.29876086068548,1.09547471191536,1.29569804545029,1.45884007842307,1.19989430852563,1.1149226446562,NA,NA,NA,NA,NA,NA,NA,NA
"600583",1.31945850091663,1.33390680928043,1.24361662663483,1.03578685577059,1.18633316820435,1.30946430095179,1.39633427630607,1.43907034216765,1.3814100555821,1.27739343573782,1.50919065879352,1.22916740399505,1.37844124789916,1.05393561075413,1.33708209620188,1.35809905971935,1.16171849406877,1.13254847154048,1.23910574334399,NA,NA,NA,NA,NA,NA,NA
"600688",1.24827309283822,1.31248998576507,1.26930256226976,1.00386031368941,1.2007613346637,1.31779510127287,1.48725411324567,1.43928927460269,1.47924813751599,1.4097791241028,1.45807593547411,1.43610042872923,1.43740036300787,1.31896931568163,1.34985553798996,1.33620178835248,1.32337933456077,1.22288723572016,1.26548441257337,0.93063602603919,NA,NA,NA,NA,NA,NA
"600759",1.04146775202753,1.20481623374616,1.01814565322296,0.967265868141471,1.11484631321653,0.94985832146508,1.18195005458403,1.32057832549591,1.10081018135451,1.04338950091094,0.952438280642034,1.07629688629771,1.18062795819818,0.948780302377481,1.05828706881724,1.44453697736744,1.48925235918443,1.07929064984675,0.919579838914689,1.36488835474506,1.14813520429861,NA,NA,NA,NA,NA
"600871",1.27972811541706,1.34385600278643,1.21300852129167,0.995540474065196,1.09202258290113,1.27569222010555,1.46796477017942,1.38763839244911,1.16904863149381,1.25241719146141,1.37356400689153,1.25103449106779,1.41275460632922,1.21047341518083,1.27180284058064,1.37326043245132,1.32840628870668,1.21867793117593,1.07487149897766,1.08118930057256,1.00901406033007,1.27711120246735,NA,NA,NA,NA
"601808",1.29582557829666,1.29930540302604,1.19334084303163,1.02770826617628,1.16359658986076,1.28593600371782,1.30783720499187,1.41584028523912,1.47801720198334,1.18767347947766,1.44735065182843,1.18555558619766,1.2533847364598,1.03414078986245,1.2485425210631,1.37532062405392,1.29931485709862,1.09131635007913,1.2616906671967,0.65204894273347,0.954578319100296,1.25061176194696,0.993142527697083,NA,NA,NA
"601857",1.48177660054416,1.50163023412867,1.61312720871164,1.51759412643522,1.57120192414722,1.55434194882193,1.6132465702648,1.38651649644441,1.36034660891215,1.41818137769656,1.74298835286032,1.35746391426353,1.56273654099918,1.18805317058458,1.69709917218686,0.792471114618735,1.3981170925529,1.53373298195531,1.45465166210376,1.45797579044742,1.51622464758067,1.64249479228187,1.44452413178487,1.48163022805719,NA,NA
"603003",1.16126596137568,1.22130997795746,1.07040438092759,1.15117010538965,1.21984184095371,1.25059815238752,1.12838078016351,1.26677213627828,1.26983272432183,1.23256858447344,1.09620367267106,1.21827689693994,1.19096512892593,1.14389899651801,1.24807139460549,1.50610308371614,1.31005975631733,1.07054562837341,1.2102699948042,1.3056685932448,1.39220057464531,1.09827428641004,1.28823606629776,1.27298030658045,1.47934795259005,NA
