"","000059","000096","000159","000554","000637","000819","002207","002221","002377","002554","002629","300084","300157","300164","300191","600028","600256","600339","600387","600583","600688","600759","600871","601808","601857","603003"
"000059",NA,NA,NA,NA,NA,NA,NA,NA,NA,NA,NA,NA,NA,NA,NA,NA,NA,NA,NA,NA,NA,NA,NA,NA,NA,NA
"000096",1.1876995559519,NA,NA,NA,NA,NA,NA,NA,NA,NA,NA,NA,NA,NA,NA,NA,NA,NA,NA,NA,NA,NA,NA,NA,NA,NA
"000159",1.28214759103951,1.18736951136773,NA,NA,NA,NA,NA,NA,NA,NA,NA,NA,NA,NA,NA,NA,NA,NA,NA,NA,NA,NA,NA,NA,NA,NA
"000554",1.13385989050976,0.826443649599622,1.30108411208964,NA,NA,NA,NA,NA,NA,NA,NA,NA,NA,NA,NA,NA,NA,NA,NA,NA,NA,NA,NA,NA,NA,NA
"000637",1.16310368208512,1.08373360963402,1.28452557600065,0.819258944170877,NA,NA,NA,NA,NA,NA,NA,NA,NA,NA,NA,NA,NA,NA,NA,NA,NA,NA,NA,NA,NA,NA
"000819",1.39757788424755,1.34286139040792,1.33542434341851,1.32862007027624,1.32308368577254,NA,NA,NA,NA,NA,NA,NA,NA,NA,NA,NA,NA,NA,NA,NA,NA,NA,NA,NA,NA,NA
"002207",1.35455906865108,1.30466026131715,1.30538786061904,1.24546074288271,1.30110523096319,1.23415594845822,NA,NA,NA,NA,NA,NA,NA,NA,NA,NA,NA,NA,NA,NA,NA,NA,NA,NA,NA,NA
"002221",1.28110765641324,1.32692299642991,1.28261223838615,1.32479208059786,1.42499228473381,1.36304550817627,1.39431409207812,NA,NA,NA,NA,NA,NA,NA,NA,NA,NA,NA,NA,NA,NA,NA,NA,NA,NA,NA
"002377",1.28286460485756,1.43277095867347,1.33570583705981,1.373483997947,1.37527554437793,1.48983129997769,1.39907484980394,1.41301173746589,NA,NA,NA,NA,NA,NA,NA,NA,NA,NA,NA,NA,NA,NA,NA,NA,NA,NA
"002554",1.31981885893325,1.26167478139467,1.188876372848,1.26732712252394,1.20030281312121,1.23426571715962,1.30529530697967,1.46558104567285,1.46163603206794,NA,NA,NA,NA,NA,NA,NA,NA,NA,NA,NA,NA,NA,NA,NA,NA,NA
"002629",1.4769798093018,1.33865008823797,1.29346958965135,1.22194535657536,1.20978501987727,1.43935315332806,1.42923081982733,1.42439655026054,1.4714576908397,1.24570851897917,NA,NA,NA,NA,NA,NA,NA,NA,NA,NA,NA,NA,NA,NA,NA,NA
"300084",1.34098566736175,1.37044986106664,1.33692368995965,1.37319255988649,1.27080533499534,1.33840046899397,1.39934919411035,1.38346632604508,1.41399727275945,1.16879475163366,1.08847824605171,NA,NA,NA,NA,NA,NA,NA,NA,NA,NA,NA,NA,NA,NA,NA
"300157",1.39684636575241,1.31004705034557,1.3060793508008,1.37895414179601,1.36550719988922,1.25408461600183,1.02119676720883,1.40647938022687,1.45824770043537,1.18787426970809,1.3586846393219,1.27635399070257,NA,NA,NA,NA,NA,NA,NA,NA,NA,NA,NA,NA,NA,NA
"300164",1.28914883450572,1.27467882956628,1.3098477833019,1.23440158613712,1.19192265517693,1.40773177670502,1.39353147431968,1.20104372701138,1.44918567543203,1.10224426560308,1.23729081222156,1.10126765687636,1.25411235729533,NA,NA,NA,NA,NA,NA,NA,NA,NA,NA,NA,NA,NA
"300191",1.35829821526851,1.48380679811713,1.21787430991207,1.41176780388559,1.33397320587593,1.34671507152888,1.2669932002413,1.40632416356416,1.3626020139665,1.23277867223176,1.36114511344509,1.12022059431763,1.38805257443576,1.33019371214447,NA,NA,NA,NA,NA,NA,NA,NA,NA,NA,NA,NA
"600028",1.40307623800325,1.23811618836766,1.36250186647027,1.24099228398557,1.31526077348934,1.46409319661837,1.47317185571808,1.41722493055114,1.438466852188,1.42772526577189,1.3322495269363,1.44537286906152,1.62274480673267,1.44926911306921,1.20064110788119,NA,NA,NA,NA,NA,NA,NA,NA,NA,NA,NA
"600256",1.34171219355402,1.34888298412658,1.31901975138685,1.26613649817727,1.31999715754071,1.46871856055643,1.3329808026134,1.32962005904374,1.44837738976464,1.34284841750842,1.43535470954395,1.3517565553111,1.15425834985176,1.35230793697634,1.43443802288012,1.50826227111387,NA,NA,NA,NA,NA,NA,NA,NA,NA,NA
"600339",1.18556568329458,0.928912086274328,1.18109043872905,0.981599566380387,1.01457511114374,1.38207354645195,1.26349588308706,1.35131343846505,1.37251130820995,1.35646250993142,1.23546032206321,1.40374821091146,1.35363664354749,1.38663086526785,1.38570224071506,1.19449942146169,1.26560105481028,NA,NA,NA,NA,NA,NA,NA,NA,NA
"600387",1.31257958289711,1.39896365470127,1.31128007308032,1.38470699527519,1.16914229886557,1.30620802643879,1.40220442302888,1.30475072181597,1.41404274927762,1.3066209572505,1.46060535903784,1.35139521385754,1.30851400133773,1.35839380188619,1.38040436102822,1.49416514172448,1.30084193275394,1.31424478699761,NA,NA,NA,NA,NA,NA,NA,NA
"600583",1.41537009724774,1.2680838112956,1.46182450330752,1.38351078576484,1.43753102843425,1.41309605926559,1.34736752812644,1.40801845164452,1.46810578251466,1.4155422291409,1.36952851948729,1.10400859227906,1.38312388928628,1.41269699196686,1.44881250951219,1.34644472041339,1.46620088749844,1.3653947467757,1.50094637242437,NA,NA,NA,NA,NA,NA,NA
"600688",1.25000061397075,1.19998879921334,1.35266085540417,1.22325428838623,1.19056410747695,1.50688779681301,1.41874637617144,1.33397629372961,1.39989863523337,1.3134976177972,1.4150193825992,1.35081073127701,1.0546227419406,1.38420332902542,1.18327276687377,1.09571755615235,0.925217743048671,1.22224039516336,1.25556525568055,1.4608345326358,NA,NA,NA,NA,NA,NA
"600759",1.39068923759345,1.24086158406415,1.4271426839827,1.28582498973502,1.34092382184218,1.19728913486876,1.23645284802565,1.41390706713743,1.39556962469746,1.34497035476838,0.991788026635593,1.13687803148384,1.33283514783309,1.38090604582595,1.01214338325611,1.37108417044476,1.57616632891134,1.23360161271899,1.2952944313092,1.20055616278984,1.62810330699481,NA,NA,NA,NA,NA
"600871",1.2634662889295,1.25705436949767,1.4577619698877,1.26199450925909,1.20036140441492,1.44291869094188,1.42487022393675,1.30705894725204,1.45318465284611,1.29833463175093,1.33023175056077,1.33781717628916,1.10243348462944,1.24101650301677,1.34442561934334,1.28061465980747,1.05198822112704,1.40123150997617,1.29529131945637,1.33624721810313,0.940978541275769,1.59296690101542,NA,NA,NA,NA
"601808",1.43114568601354,1.25575833476928,1.5042140985534,1.2749676755448,1.36143103350142,1.36968647205403,1.28137061295339,1.41945001247063,1.45977715987849,1.40479976641208,1.45375248875216,1.19233919232789,1.36543363327905,1.33492340568744,1.47081217885578,1.30536444170352,1.34888381992937,1.36408999252627,1.45261562256043,0.806296451366035,1.57218669454991,1.05364807893938,1.45217816801022,NA,NA,NA
"601857",1.39320380662186,1.40447675026601,1.41588846220782,1.4132406070033,1.46525824099452,1.46607355523935,1.51488718969859,1.43950075227596,1.47705258038921,1.41870827502736,1.49608144923957,1.55890225454436,1.52160752579511,1.45831766235073,1.39260596166986,1.11536126663076,1.49957060941949,1.41527207199348,1.43611320704902,1.47619059120308,1.46581926991609,1.45280548152574,1.55979469372215,1.40480661966251,NA,NA
"603003",1.27323711343311,1.21137322056188,1.27917580080251,1.07188002844803,1.1378616819996,1.32922903880487,1.23098351636565,1.30258555289775,1.43214905886461,1.32187345397297,1.24958101680524,1.40779905612322,1.41857544596331,1.2884026716498,1.31779510134278,1.34825263504392,1.30471257870334,1.1766429201817,1.26537908959506,1.40665690278831,1.3014503798157,1.46010701782961,1.31321085163045,1.3335989929336,1.50414950078907,NA
