"","000059","000096","000159","000554","000637","000819","002207","002221","002377","002554","002629","300084","300157","300164","300191","600028","600256","600339","600387","600583","600688","600759","600871","601808","601857","603003"
"000059",NA,NA,NA,NA,NA,NA,NA,NA,NA,NA,NA,NA,NA,NA,NA,NA,NA,NA,NA,NA,NA,NA,NA,NA,NA,NA
"000096",1.26578288317586,NA,NA,NA,NA,NA,NA,NA,NA,NA,NA,NA,NA,NA,NA,NA,NA,NA,NA,NA,NA,NA,NA,NA,NA,NA
"000159",1.27708393698233,1.26519659211429,NA,NA,NA,NA,NA,NA,NA,NA,NA,NA,NA,NA,NA,NA,NA,NA,NA,NA,NA,NA,NA,NA,NA,NA
"000554",1.1975525090204,1.21332047100205,1.06491289972055,NA,NA,NA,NA,NA,NA,NA,NA,NA,NA,NA,NA,NA,NA,NA,NA,NA,NA,NA,NA,NA,NA,NA
"000637",1.2364451246769,1.30232000723299,0.979205459017832,1.06506748365096,NA,NA,NA,NA,NA,NA,NA,NA,NA,NA,NA,NA,NA,NA,NA,NA,NA,NA,NA,NA,NA,NA
"000819",1.22463493882526,1.22155841963457,1.10248444863595,1.13808115471478,1.26072713333468,NA,NA,NA,NA,NA,NA,NA,NA,NA,NA,NA,NA,NA,NA,NA,NA,NA,NA,NA,NA,NA
"002207",1.29633893454244,1.24488940460277,1.01848319706906,1.34344490318797,1.1975106375648,1.19763392394452,NA,NA,NA,NA,NA,NA,NA,NA,NA,NA,NA,NA,NA,NA,NA,NA,NA,NA,NA,NA
"002221",1.31859491838509,1.29297604546405,1.29375778432348,1.3185818497236,1.20280451563312,1.37446072882634,1.4044156501812,NA,NA,NA,NA,NA,NA,NA,NA,NA,NA,NA,NA,NA,NA,NA,NA,NA,NA,NA
"002377",1.18103002526736,1.43415085083818,1.30633791628403,1.22626208728785,1.07998670695099,1.310163124063,1.32783166793138,1.31384679263233,NA,NA,NA,NA,NA,NA,NA,NA,NA,NA,NA,NA,NA,NA,NA,NA,NA,NA
"002554",1.2648203980975,1.25314707163331,1.15433932788129,1.24026544798322,1.26655535204797,1.22185993122819,1.32481158666482,1.51964299967826,1.29916428587707,NA,NA,NA,NA,NA,NA,NA,NA,NA,NA,NA,NA,NA,NA,NA,NA,NA
"002629",1.30873051960522,1.15399613094647,0.986848674203223,1.1883258276954,1.186519469325,0.977747526248828,1.18950948349325,1.18326407097874,1.23065498860677,1.23865520291259,NA,NA,NA,NA,NA,NA,NA,NA,NA,NA,NA,NA,NA,NA,NA,NA
"300084",1.30729512435956,1.39480578684184,1.26707936415845,1.2682329410503,1.361255568292,1.17219119722704,1.07027145429756,1.46855425250372,1.36147204358771,1.14157815176669,1.26498174820267,NA,NA,NA,NA,NA,NA,NA,NA,NA,NA,NA,NA,NA,NA,NA
"300157",1.35437423745808,1.18801416377211,1.22661830561764,1.17427498251423,1.30391967262915,1.26788932825603,1.35396943838147,1.45952396464171,1.4227953797643,1.01590488740263,1.17208892764245,1.27649107409454,NA,NA,NA,NA,NA,NA,NA,NA,NA,NA,NA,NA,NA,NA
"300164",1.22397073667458,1.18514721703005,1.14933121742,1.05992030814836,1.20464530631165,1.19920721782579,1.24128392705954,1.31193590725567,1.26953696629515,1.0946252214806,1.12413609816053,1.02407966153859,1.15584336335577,NA,NA,NA,NA,NA,NA,NA,NA,NA,NA,NA,NA,NA
"300191",1.34140028950309,1.16867752778314,1.17707860727762,1.27817955932239,1.40602379368102,1.2200340811401,1.15849997699654,1.31966895393824,1.47132138605402,1.42324200921204,1.03260777792147,1.0948512699053,1.22872063725635,1.13619825040661,NA,NA,NA,NA,NA,NA,NA,NA,NA,NA,NA,NA
"600028",1.44517404425236,1.56664117290082,1.60099878000415,1.40194402677748,1.47184074764328,1.54953564009742,1.53886748587647,1.42698100050495,1.37446544186936,1.35804516055488,1.6734465001648,1.38570209496783,1.45965954857236,1.20861880908149,1.6237038735328,NA,NA,NA,NA,NA,NA,NA,NA,NA,NA,NA
"600256",1.33131106583474,1.3722560412878,1.22983266319461,1.28955519645363,1.27060612860719,1.26712041590949,1.43025072543505,1.29382962913681,1.33772115640851,1.34910593465424,1.29864404361542,1.32240990743434,1.43406645302674,1.17750120983853,1.39422068372228,1.43575582008993,NA,NA,NA,NA,NA,NA,NA,NA,NA,NA
"600339",1.19879730770075,1.23966041670001,1.1633793893488,1.12013286507912,1.09627722772536,1.1745145571325,1.20832550844583,1.41952783623753,1.32263110061792,1.14398957239543,1.06476964466998,1.23269612819961,0.950049170700459,0.980366589160652,1.17765891240778,1.47065575045708,1.31805107406009,NA,NA,NA,NA,NA,NA,NA,NA,NA
"600387",1.16403119413843,1.30110906888564,1.05339360611481,1.07251330645729,1.11958131225021,0.919948865385534,1.17083248776733,1.28110417509231,1.16357740769398,1.17651889277231,1.17815041168644,1.18018214535078,1.26594376257545,1.05560280684557,1.27736744793767,1.42782691207872,1.1912801626348,1.07180107219123,NA,NA,NA,NA,NA,NA,NA,NA
"600583",1.34332921981658,1.35061458188315,1.30777244278995,1.13302802122642,1.28202201387698,1.36796097639392,1.38114849405861,1.41983868624273,1.45614037978172,1.27526512282119,1.52492038847333,1.22410140751769,1.35904287901919,1.05028031982399,1.39273019364318,1.26435078386176,1.22208462906697,1.18133222144644,1.26378752130799,NA,NA,NA,NA,NA,NA,NA
"600688",1.28610934010202,1.37097504662788,1.36288938781796,1.09652387973773,1.27469733729324,1.40249882187042,1.49307285551958,1.35499803195973,1.53390424531665,1.39856553812199,1.50267218562861,1.42456294599609,1.42668634073168,1.25013921352911,1.41101193002384,1.20054504710823,1.3270197053613,1.25902856145115,1.30878083134071,0.993910816222808,NA,NA,NA,NA,NA,NA
"600759",1.10110312789526,1.28765528903501,1.0754578111018,1.03734386678464,1.15553225880103,0.965626532705777,1.15527889136572,1.33644659495987,1.10089179425385,1.03017706581822,0.965682023106523,1.02746419842407,1.213450647562,0.873376159201318,1.03945078919226,1.36197072533392,1.49700939874524,1.14032973017163,0.910043504192087,1.43716542609266,1.19294764698015,NA,NA,NA,NA,NA
"600871",1.37657765968386,1.38700199535783,1.24249520484216,1.10553867067442,1.1872477682437,1.35043393636786,1.49242392754752,1.35837669984477,1.23239869925032,1.2816968036604,1.36462171510151,1.19777683234527,1.35718628211436,1.15132495077625,1.26670051113951,1.29050169790328,1.3420014592622,1.28841675645564,1.15230502706877,1.14149563645021,1.06096146872083,1.31088623667511,NA,NA,NA,NA
"601808",1.34124045831272,1.3143543526275,1.21534955552694,1.12987368520547,1.25585478552846,1.32046597006842,1.3143290923171,1.43917367244311,1.5281382315411,1.17409576772505,1.46778577991484,1.20967587888259,1.2318034388274,1.02103389069421,1.28324703406742,1.29774104273044,1.36194657666118,1.1195295644228,1.30700313752806,0.715927050193592,1.02341682531655,1.31498876656183,1.0589046431474,NA,NA,NA
"601857",1.42701492922521,1.4610098170014,1.63790281579209,1.43759556760573,1.52925844507364,1.5774698060979,1.57148838670615,1.34919536798505,1.36105762152907,1.37653718895041,1.69763631271805,1.32219555618232,1.5037265053737,1.17147373412907,1.64329814475689,0.790021905680683,1.39392978453259,1.48842925821311,1.42142894970189,1.31661397093634,1.3524736306662,1.58271897635336,1.3595766951527,1.40199324554497,NA,NA
"603003",1.20716123540071,1.30504857286871,1.09656550160065,1.16395664781988,1.16947020542073,1.27594087622255,1.15410418946088,1.29262818816365,1.23472394555505,1.28941064148503,1.0819487966183,1.28991123951057,1.23099250251012,1.20030958738008,1.32124240817228,1.49205865187384,1.33027247121383,1.12190824288335,1.21782868567703,1.36444023273567,1.46266010114176,1.17372399940071,1.36956393497001,1.30599973400154,1.51832432760854,NA
