"","000059","000096","000159","000554","000637","000819","002207","002221","002377","002554","002629","300084","300157","300164","300191","600028","600256","600339","600387","600583","600688","600759","600871","601808","601857","603003"
"000059",NA,NA,NA,NA,NA,NA,NA,NA,NA,NA,NA,NA,NA,NA,NA,NA,NA,NA,NA,NA,NA,NA,NA,NA,NA,NA
"000096",0.982234032112981,NA,NA,NA,NA,NA,NA,NA,NA,NA,NA,NA,NA,NA,NA,NA,NA,NA,NA,NA,NA,NA,NA,NA,NA,NA
"000159",1.04764236072544,0.834236372060814,NA,NA,NA,NA,NA,NA,NA,NA,NA,NA,NA,NA,NA,NA,NA,NA,NA,NA,NA,NA,NA,NA,NA,NA
"000554",0.919364641187862,0.849537971698908,0.829092323645509,NA,NA,NA,NA,NA,NA,NA,NA,NA,NA,NA,NA,NA,NA,NA,NA,NA,NA,NA,NA,NA,NA,NA
"000637",0.911195309001759,0.812136789218218,0.741916572203734,0.745099384153431,NA,NA,NA,NA,NA,NA,NA,NA,NA,NA,NA,NA,NA,NA,NA,NA,NA,NA,NA,NA,NA,NA
"000819",0.998381655596725,0.945210818041913,0.881561585821375,0.942203164709485,0.900726794714666,NA,NA,NA,NA,NA,NA,NA,NA,NA,NA,NA,NA,NA,NA,NA,NA,NA,NA,NA,NA,NA
"002207",1.13855458828473,1.16007886306562,1.00308892391328,1.1547113188991,1.12015981938701,1.29248722008145,NA,NA,NA,NA,NA,NA,NA,NA,NA,NA,NA,NA,NA,NA,NA,NA,NA,NA,NA,NA
"002221",1.13336233433251,1.03729760011347,1.03165807378982,1.14806190257132,1.1223030263556,1.11578012538832,1.33284782507066,NA,NA,NA,NA,NA,NA,NA,NA,NA,NA,NA,NA,NA,NA,NA,NA,NA,NA,NA
"002377",0.96615130783055,1.00045002399744,0.987613566254301,0.920154133282966,0.911665399591025,1.04128969509921,1.23369236269169,1.09808297668905,NA,NA,NA,NA,NA,NA,NA,NA,NA,NA,NA,NA,NA,NA,NA,NA,NA,NA
"002554",1.0064340972007,1.04037559507724,0.964672909226149,0.99690267907029,0.985993371548015,1.05219299854997,1.23064279716815,1.17682774026808,1.02253907049662,NA,NA,NA,NA,NA,NA,NA,NA,NA,NA,NA,NA,NA,NA,NA,NA,NA
"002629",1.25602767116022,1.17094385973836,1.08807412007008,1.09406710664148,1.09501800482925,1.04896137897972,1.13899296681271,1.14202186518811,1.10194805661802,1.14181700437585,NA,NA,NA,NA,NA,NA,NA,NA,NA,NA,NA,NA,NA,NA,NA,NA
"300084",1.09688323463052,1.08212827403853,1.08822289404228,1.04254156315504,1.10688156072718,1.09164169603885,0.876305771238879,1.17409216848739,1.14681538051559,1.07852145077271,0.924532390113138,NA,NA,NA,NA,NA,NA,NA,NA,NA,NA,NA,NA,NA,NA,NA
"300157",1.0124825919833,0.995081048719907,0.943217018185776,0.956541654679207,0.988715849167927,1.06042091586708,1.08678797947825,1.19710162861167,1.11809291998163,0.993833994714669,1.01929557930664,0.913397624611047,NA,NA,NA,NA,NA,NA,NA,NA,NA,NA,NA,NA,NA,NA
"300164",1.03354808406796,1.05857242786678,1.04440501178187,0.948520919908125,1.03123532228327,1.10919317151541,1.13543958385566,1.15358934053759,1.01898718547027,1.02327474671982,0.853346346925249,1.08305717425745,0.80653545097768,NA,NA,NA,NA,NA,NA,NA,NA,NA,NA,NA,NA,NA
"300191",1.09420972130661,1.01277017723946,1.03265706950674,1.02179438665039,1.10005740152104,1.0739924137555,1.13877920486201,1.17376815693592,1.15598229394459,1.18799285868268,1.01531687015456,0.82069596181553,1.00504835839931,1.11633048388228,NA,NA,NA,NA,NA,NA,NA,NA,NA,NA,NA,NA
"600028",1.10615970037204,1.08010148504997,1.18402669551969,1.0659144347174,1.10453395682584,1.16098277324928,1.3687619091196,1.17565975310675,1.22254905410818,1.18649872452904,1.4770024236683,1.2072191212957,1.35430415889998,1.17231304591667,1.33403456943857,NA,NA,NA,NA,NA,NA,NA,NA,NA,NA,NA
"600256",0.932371991888404,0.929601695231126,0.884083844241996,0.941207961110642,0.882867631248689,0.972557741363746,1.31522469338507,1.05541939926121,0.965947557473391,1.00721780156628,1.16023225873277,0.912722049294969,0.981658983309082,1.02287972769273,1.06332784015304,1.05007470866851,NA,NA,NA,NA,NA,NA,NA,NA,NA,NA
"600339",1.0189288172025,0.873019265668036,0.819888658904993,0.849864519026893,0.785485016298102,0.891282418136175,1.1102301357003,1.12929788541997,0.952884065605974,0.968295103116869,1.05461428591832,1.04923174158564,0.955605097842781,0.99156721058916,1.02329864252772,1.12353882338163,0.995280169395163,NA,NA,NA,NA,NA,NA,NA,NA,NA
"600387",0.9301347119367,0.875734501207505,0.848709320850603,0.868579323976002,0.884478128859834,0.965731188652178,1.19201447373165,1.0939887847989,0.889325373498042,0.95482813590879,1.21665438282623,0.995914936214517,0.974703633282121,0.992711462225315,1.03685698474807,1.12756272746213,0.849005299327397,0.87287503826212,NA,NA,NA,NA,NA,NA,NA,NA
"600583",0.929694190943373,0.910456724168142,0.89078975991109,0.796121377198501,0.806345875141141,0.954405327184798,1.19164699267648,1.1382667067541,0.999595001109894,0.988600530064501,1.20459136892823,1.04434627481751,0.95658885610269,0.891487596286493,1.01588658321436,0.958349359493928,0.782412757773579,0.836896387224237,0.924450452018328,NA,NA,NA,NA,NA,NA,NA
"600688",0.9863368949709,0.942179461915013,0.985304051771089,0.769276671098454,0.872921559260157,1.03680082019361,1.25609790547813,1.19276754984272,1.05823700340761,1.12618519940611,1.28206062029243,1.12078282122209,1.09815702271244,1.06357130580691,1.16410536907357,0.980736918210953,0.974313843155058,0.975943964284882,0.975520811500289,0.75841491472018,NA,NA,NA,NA,NA,NA
"600759",0.984091240160661,0.937363447619026,0.887911601232989,0.917393220244164,0.94244134707048,0.930635569012775,1.27442220768608,1.07395260332576,1.00698363641755,1.02132577283822,1.21911776803205,1.10766987141337,1.07213043004664,0.701652482945321,1.18795763864253,1.11942070308853,1.15213300050718,0.990679971153602,0.863807612946538,1.0780779671442,1.02309089756667,NA,NA,NA,NA,NA
"600871",0.999626146006432,0.895701616040336,0.947277801184448,0.691921592381999,0.801843066426646,0.980501910800337,1.35673789226313,1.21002065413132,1.05551025136103,1.05753343474891,1.13282949652424,1.02182211184695,1.06672798650236,1.1374413595186,1.06142921120697,1.11155778353545,1.01478399018787,0.974700927006646,0.989073534764297,0.799338407533938,0.746847279941221,1.12676604814898,NA,NA,NA,NA
"601808",0.953381017464682,0.898809296820045,0.87922532036977,0.784066062898691,0.80994042584674,0.969626137558,1.17761520984173,1.15966470735953,1.04357646505465,0.980427998287129,1.20218609943865,1.05250217937326,0.945905906122423,0.935246845180255,1.00229897834318,0.966157180876747,0.863985690991949,0.83281530949079,0.898148791866718,0.447208053359027,0.79142285168741,0.999960383658216,0.755138993283146,NA,NA,NA
"601857",1.1387174588062,1.11025647789302,1.1898774551324,1.09636613420516,1.16193788301831,1.19974345087721,1.41351010812293,1.17561131664194,1.26465635334058,1.15229399228258,1.46329114313481,1.20004184502027,1.37138589093009,1.08517999422714,1.34544700377589,0.626824398943104,1.05905101894299,1.16188812819677,1.16046434995455,1.03783873201313,1.12164861425427,1.29370425190347,1.18220253851355,1.04485007333866,NA,NA
"603003",0.9985371140307,0.893118906928402,0.872492962961079,0.950824957948682,0.92802004811441,0.982685306312355,1.10741993086406,1.06097961756038,1.02169594945756,1.05901189850839,1.09115652568842,1.09111010603933,0.983183467057805,1.07096797535282,1.0392918629427,1.14654640697163,0.999284283145157,0.91404396344597,0.923658121567811,0.96530576380047,1.05045041946341,0.959250763736048,1.01552482439013,0.955491810704126,1.16032353568636,NA
