"","000059","000096","000159","000554","000637","000819","002207","002221","002377","002554","002629","300084","300157","300164","300191","600028","600256","600339","600387","600583","600688","600759","600871","601808","601857","603003"
"000059",NA,NA,NA,NA,NA,NA,NA,NA,NA,NA,NA,NA,NA,NA,NA,NA,NA,NA,NA,NA,NA,NA,NA,NA,NA,NA
"000096",1.13427265562387,NA,NA,NA,NA,NA,NA,NA,NA,NA,NA,NA,NA,NA,NA,NA,NA,NA,NA,NA,NA,NA,NA,NA,NA,NA
"000159",1.0756002495757,1.05837256001533,NA,NA,NA,NA,NA,NA,NA,NA,NA,NA,NA,NA,NA,NA,NA,NA,NA,NA,NA,NA,NA,NA,NA,NA
"000554",1.09737782736006,0.827408873997378,1.04786094991892,NA,NA,NA,NA,NA,NA,NA,NA,NA,NA,NA,NA,NA,NA,NA,NA,NA,NA,NA,NA,NA,NA,NA
"000637",0.981342235329776,1.00906600808233,1.07119180077833,0.905311290310698,NA,NA,NA,NA,NA,NA,NA,NA,NA,NA,NA,NA,NA,NA,NA,NA,NA,NA,NA,NA,NA,NA
"000819",1.27335055362677,1.18367000576991,1.18067384238093,1.21261054880162,1.23093217416113,NA,NA,NA,NA,NA,NA,NA,NA,NA,NA,NA,NA,NA,NA,NA,NA,NA,NA,NA,NA,NA
"002207",1.25144473377304,1.17490076176338,1.17531077279371,1.13780974447106,1.15732296742111,1.22524174815893,NA,NA,NA,NA,NA,NA,NA,NA,NA,NA,NA,NA,NA,NA,NA,NA,NA,NA,NA,NA
"002221",1.29629549013108,1.22052435009869,1.2146688826887,1.25490508131792,1.24437707908951,1.33132283323988,1.37254340276457,NA,NA,NA,NA,NA,NA,NA,NA,NA,NA,NA,NA,NA,NA,NA,NA,NA,NA,NA
"002377",1.27072731910676,1.27307306196708,1.21685749148567,1.26243509800096,1.23639398863781,1.32351440033264,1.28904961694635,1.34525170035695,NA,NA,NA,NA,NA,NA,NA,NA,NA,NA,NA,NA,NA,NA,NA,NA,NA,NA
"002554",1.17574008336751,1.16499469441213,1.12604418241365,1.19350600424696,1.15432155200436,1.15211369720836,1.18857915925739,1.27730907779458,1.27667143718383,NA,NA,NA,NA,NA,NA,NA,NA,NA,NA,NA,NA,NA,NA,NA,NA,NA
"002629",1.22700740373995,1.26464297325643,1.1721148749775,1.17486265683776,1.17935917750866,1.24462670564967,1.26486422818596,1.3097080113679,1.32039725661148,1.21978840236333,NA,NA,NA,NA,NA,NA,NA,NA,NA,NA,NA,NA,NA,NA,NA,NA
"300084",1.15789260419505,1.17656272384071,1.12917808143866,1.15559883311605,1.11101412582035,1.23050997198106,1.17646363723352,1.29915324053014,1.25050372916553,1.09316693989886,1.15787049873461,NA,NA,NA,NA,NA,NA,NA,NA,NA,NA,NA,NA,NA,NA,NA
"300157",1.26461111539945,1.24084129114223,1.14727188236526,1.23586846394794,1.21971053796627,1.21194986462768,1.09727531422193,1.26360331088079,1.36989580494492,1.12911309081781,1.2483427436731,1.11025303634935,NA,NA,NA,NA,NA,NA,NA,NA,NA,NA,NA,NA,NA,NA
"300164",1.15077337817526,1.25239989421543,1.15553472328932,1.22614430945432,1.24511851507495,1.42080743004914,1.27610711948181,1.12538179933496,1.31000788740298,1.2193495568178,1.12704914581119,1.25240387159642,1.2444514352304,NA,NA,NA,NA,NA,NA,NA,NA,NA,NA,NA,NA,NA
"300191",1.22993109392213,1.27724931768166,1.16650327145042,1.25007221421479,1.21586603776954,1.27617621409213,1.25370197033708,1.32312874288822,1.3185684377039,1.13506232007983,1.28595325024843,1.17297932560234,1.22465868409847,1.30450052678081,NA,NA,NA,NA,NA,NA,NA,NA,NA,NA,NA,NA
"600028",1.26167072642604,1.16706877443129,1.19589007221587,1.17827332788717,1.18620825247519,1.3206984966094,1.36586352813378,1.31313369965506,1.3695126965976,1.31834064578805,1.25826366645036,1.31411263512454,1.33580330086082,1.26163238302952,1.07909385252314,NA,NA,NA,NA,NA,NA,NA,NA,NA,NA,NA
"600256",1.19966094157465,1.16379333392034,1.10903274282531,1.1663974924565,1.1955334697571,1.24641083835758,1.26044387359386,1.23849461244355,1.3380934908964,1.19465053097406,1.26463768310443,1.25346644046793,1.18614947903296,1.33928352901984,1.3027581028973,1.29559213693298,NA,NA,NA,NA,NA,NA,NA,NA,NA,NA
"600339",1.011692742394,0.944229681877244,0.948938118489403,0.957620149799975,0.962240635611486,1.19986412788279,1.1218518033617,1.2305394028928,1.26457495687095,1.11475167875982,1.19200862228898,1.09204790495746,1.23209923949308,1.25365341122151,1.22128626310583,1.18418484917557,1.18964716171985,NA,NA,NA,NA,NA,NA,NA,NA,NA
"600387",1.10853642581732,1.20949284082362,1.11887806591099,1.15508731621106,1.01795260507315,1.20997574671102,1.20534784399149,1.21242953142315,1.28396004356164,1.12906433919243,1.26613929964988,1.17949997010214,1.13418627063723,1.32520880367944,1.24498428070357,1.27919896489391,1.16956398765854,1.11919610259918,NA,NA,NA,NA,NA,NA,NA,NA
"600583",1.21661435702436,1.18521781791167,1.1983313194776,1.1912602271474,1.17538213031173,1.30096787558,1.31373672575873,1.29706951552394,1.34140405131093,1.20925306071312,1.19024555165507,1.18537031636957,1.20354095207393,1.39647711708123,1.29665709235104,1.14997741871908,1.14061486865461,1.19392426132677,1.20682853777111,NA,NA,NA,NA,NA,NA,NA
"600688",1.30675230544016,1.2998414996356,1.43173487787902,1.30164176330705,1.21427785552933,1.55842408253979,1.42555292979062,1.38708327542291,1.45867219254527,1.36248938148726,1.40389717153807,1.4220276231988,1.06603971904261,1.40327301044231,1.43187541604968,1.38768075842446,1.28720806348345,1.38346864267144,1.23633714210039,1.49118320402317,NA,NA,NA,NA,NA,NA
"600759",1.30107245614647,1.17742402237244,1.26116739858787,1.22033519806848,1.19279237507101,1.19027845928165,1.30134013331918,1.31629230467699,1.34051315166193,1.27129349257723,1.17146531395504,1.14189790304953,1.25310559035268,1.21658287743802,1.24341142070599,1.31458317138747,1.34379859102061,1.17275679460714,1.23620951928567,1.24409184412317,1.55522364891799,NA,NA,NA,NA,NA
"600871",1.33138726400845,1.36039228410034,1.40872031432132,1.38948467685604,1.26997975637912,1.55442690809972,1.51590170467148,1.3827289856959,1.53505414315133,1.3576346978232,1.36660663310285,1.42131845584372,1.12774731104341,1.36897805265284,1.50360979905385,1.45842013778132,1.29328901411339,1.46545727782406,1.23180893224638,1.50223783960675,0.822608903110221,1.54383141423504,NA,NA,NA,NA
"601808",1.21979555554654,1.1414784550633,1.16465613466029,1.14923041998907,1.15120511681181,1.27796385254442,1.25953018688353,1.29242200327264,1.29779520974331,1.22154271674436,1.27014784954886,1.23116844745485,1.2829914613938,1.25981333469749,1.30786651312736,1.09826781340415,1.1368540449106,1.1958092790621,1.17567082474261,0.752602588774502,1.48883560825295,1.24904824555724,1.49904892674506,NA,NA,NA
"601857",1.23236409308562,1.20376531391042,1.2258097855546,1.18914815665735,1.17406145764534,1.29436580137795,1.41252612214842,1.33147689705201,1.3593889851394,1.31965339828652,1.29575208920097,1.30222036509938,1.32689105976347,1.23751135824182,1.3202929090521,0.803609246204177,1.2095732566781,1.20775829393517,1.24704935702603,1.14249416001565,1.34627492102355,1.2644356830929,1.43876335522654,1.03247461895954,NA,NA
"603003",1.18616538249135,1.0682759077815,1.0717281587102,0.967772892572673,1.06091240484516,1.23789558555752,1.18327062946731,1.26783543088034,1.2693070465646,1.21746618477242,1.20557216983879,1.1681423968166,1.28345576170989,1.21065487590156,1.26092766999894,1.26959244233359,1.14476643108707,1.03918054590143,1.15933069620986,1.20822777397308,1.34767010665967,1.26169220590551,1.36801628321364,1.18897472210941,1.26525387896921,NA
