"","000059","000096","000159","000554","000637","000819","002207","002221","002377","002554","002629","300084","300157","300164","300191","600028","600256","600339","600387","600583","600688","600759","600871","601808","601857","603003"
"000059",NA,NA,NA,NA,NA,NA,NA,NA,NA,NA,NA,NA,NA,NA,NA,NA,NA,NA,NA,NA,NA,NA,NA,NA,NA,NA
"000096",0.980100945369897,NA,NA,NA,NA,NA,NA,NA,NA,NA,NA,NA,NA,NA,NA,NA,NA,NA,NA,NA,NA,NA,NA,NA,NA,NA
"000159",0.914999307707812,0.942474824983338,NA,NA,NA,NA,NA,NA,NA,NA,NA,NA,NA,NA,NA,NA,NA,NA,NA,NA,NA,NA,NA,NA,NA,NA
"000554",0.896723608414911,0.90616810696671,0.74785674334226,NA,NA,NA,NA,NA,NA,NA,NA,NA,NA,NA,NA,NA,NA,NA,NA,NA,NA,NA,NA,NA,NA,NA
"000637",0.81530768021366,0.892285085521163,0.642444964535085,0.791615685046922,NA,NA,NA,NA,NA,NA,NA,NA,NA,NA,NA,NA,NA,NA,NA,NA,NA,NA,NA,NA,NA,NA
"000819",0.926759454362428,0.912554953316363,0.706735493751503,0.750272813311591,0.754588045559954,NA,NA,NA,NA,NA,NA,NA,NA,NA,NA,NA,NA,NA,NA,NA,NA,NA,NA,NA,NA,NA
"002207",0.972600275483683,1.26556081703364,0.819211902687761,1.08389681558488,0.793696465866803,0.996028907576124,NA,NA,NA,NA,NA,NA,NA,NA,NA,NA,NA,NA,NA,NA,NA,NA,NA,NA,NA,NA
"002221",1.12311787640871,1.0208541102641,0.98247504385647,0.998009193910535,0.868722074986689,1.04444280043353,1.33670591386765,NA,NA,NA,NA,NA,NA,NA,NA,NA,NA,NA,NA,NA,NA,NA,NA,NA,NA,NA
"002377",0.879919253493515,1.01136844032378,0.858340920121335,0.989742024209123,0.758814114223631,0.862695597495336,1.17410296316526,1.04841784674686,NA,NA,NA,NA,NA,NA,NA,NA,NA,NA,NA,NA,NA,NA,NA,NA,NA,NA
"002554",1.00502425423696,1.08239649239377,0.990377110824609,1.02422994609324,0.996250605740619,1.02382942330839,1.17085784994532,1.30266071289798,1.09407993536529,NA,NA,NA,NA,NA,NA,NA,NA,NA,NA,NA,NA,NA,NA,NA,NA,NA
"002629",1.27718975860768,1.20843692715977,1.05411461052406,1.07253622549674,1.04029796303426,0.844550772066354,1.08006957787713,1.08092499726752,1.03183496172208,1.22534180165725,NA,NA,NA,NA,NA,NA,NA,NA,NA,NA,NA,NA,NA,NA,NA,NA
"300084",0.929983293730163,0.992863495165942,0.846135105372584,0.913562334884937,0.910207114272684,0.801886327736881,0.869662593702745,1.23464859387674,1.03167631034077,0.977825471530108,0.998033942963598,NA,NA,NA,NA,NA,NA,NA,NA,NA,NA,NA,NA,NA,NA,NA
"300157",1.24132409398818,1.2615391897873,1.1532600591583,1.1604377193801,1.20420932210424,1.21173195231508,1.40787750530673,1.4259390275185,1.19941073927799,1.0113123293967,1.14141971897219,1.03333873023365,NA,NA,NA,NA,NA,NA,NA,NA,NA,NA,NA,NA,NA,NA
"300164",1.00137164110181,1.1451774430097,0.978206386883241,0.905680601944694,1.08346437018987,1.05189481201178,1.03217866179961,1.28790748754229,1.06472640525065,1.1126246569325,1.11226286820462,0.915591524606151,1.16704786564449,NA,NA,NA,NA,NA,NA,NA,NA,NA,NA,NA,NA,NA
"300191",1.21898966324696,1.11780200739534,1.01858907878536,1.17594197443559,1.19633073895026,1.01485913095039,1.09649186164572,1.31993532783595,1.16015720862287,1.40204912725261,1.02242284198996,0.974270440637894,1.23716267073017,0.972206317738555,NA,NA,NA,NA,NA,NA,NA,NA,NA,NA,NA,NA
"600028",0.915717059920667,1.14111281695248,1.1731595716464,1.04715696773873,1.04227694701939,1.10649338406777,1.22333395593228,1.13466119450783,1.01496426299767,1.04847473112845,1.39709508218585,1.06228692649629,1.2152323504267,0.890736786885406,1.3374134687627,NA,NA,NA,NA,NA,NA,NA,NA,NA,NA,NA
"600256",0.860910049632986,0.980007598278638,0.929677539992574,0.9896867889895,0.903279943910352,0.917749852831826,1.33417126724967,1.06739514266909,0.870883278649853,1.15979312815408,1.21345632815327,1.00454816958623,1.24734705736159,0.960389364247999,1.16941744444988,0.968297070258809,NA,NA,NA,NA,NA,NA,NA,NA,NA,NA
"600339",0.904911507906182,0.958015977350932,0.927503956692753,0.879162036487501,0.891213707765222,0.891221927577342,1.21635234670834,1.12102812448409,0.882492260044506,0.981021615356995,1.19687710283432,0.880472468457023,0.790562769389897,0.788360323023941,0.981070881907985,0.986426704350057,0.899515122877492,NA,NA,NA,NA,NA,NA,NA,NA,NA
"600387",0.898898870955553,1.02834514362029,0.78831907372609,0.856358582747498,0.83769966459648,0.689568301394658,1.19741435701013,1.09095067321782,0.766795059155009,0.990357603311568,1.09963798506708,0.824547877328802,1.02541380117944,0.880291402950832,1.03388364459845,1.01854637843887,0.870729737374596,0.768550542570378,NA,NA,NA,NA,NA,NA,NA,NA
"600583",0.791429401916767,0.97252532792806,0.892629972844739,0.869098004692642,0.901693814642558,0.953578086667083,1.11124598545804,1.10167723440366,1.05380934034341,1.02824697766307,1.25764384915188,0.833613101226965,1.22196357299877,0.737299189104792,1.16340650697789,0.815833599111647,0.801637330629058,0.812399285425873,0.957537402678833,NA,NA,NA,NA,NA,NA,NA
"600688",0.881178448466528,1.01894727892279,1.08546791067552,0.927269425646221,0.959650085868994,1.0530828159704,1.34462439132475,0.935018857688606,1.07633940894886,1.08505053093951,1.29905432669209,1.07455544443827,1.25964500799988,1.02992562182784,1.32666351320234,0.81544578248291,0.925774169729412,0.878382125917282,0.985263493278832,0.786372041586504,NA,NA,NA,NA,NA,NA
"600759",0.994546366131479,1.09791881194097,0.860328281600698,0.923042253859755,0.999553134661347,0.903813640059639,1.08785058404512,1.30613002929775,0.913673634635116,1.11881801802755,1.0267394887236,0.887922324767893,1.1154042151406,0.892919405464231,1.01328165109541,1.06782021795991,1.29736956666044,0.975449625157127,0.937714878294948,1.13890084523748,1.07910345282178,NA,NA,NA,NA,NA
"600871",1.118670183006,1.1213013187725,1.11951770696103,0.957130046510776,1.06149667437003,1.06916679126609,1.51129228090099,1.14200245670905,1.07570707992807,1.2027737479135,1.20564420395441,1.01950885912922,1.25294814791021,0.981000793223852,1.0460578429425,1.06766261320031,1.01638269305016,1.09061554777792,0.971571336319756,0.961531808869777,0.945794598041144,1.15956605948472,NA,NA,NA,NA
"601808",0.88504095659113,1.00272953328096,0.884348244281102,0.879024728079611,0.92062514814794,0.944830878023866,1.09866626011339,1.13793039145748,1.08338087326114,0.956574807298129,1.21975569305878,0.81724250307772,1.1305329984697,0.726679320743132,1.09783396664876,0.829082351954066,0.950296854449374,0.826875698485822,0.989112939605927,0.466637482277163,0.838463763925562,1.0066700554098,0.898124068756057,NA,NA,NA
"601857",0.91452310136256,1.08484962419097,1.16646315152233,1.03176684867785,1.06315198071005,1.13040436622974,1.23272221234943,1.10488606776127,1.04901621676784,1.06519164030027,1.40351754737251,1.01257892353806,1.27601076256443,0.865053970205056,1.33350802974175,0.585272432027059,0.940240403540315,0.984451455337088,1.01317929579341,0.784686929425472,0.895874609546113,1.27194229037681,1.08240796728433,0.86227463704571,NA,NA
"603003",0.965607561672598,0.960185920661203,0.754509499113705,0.864770933074075,0.764525369908101,0.824795409908623,0.974047647159579,1.09150614200701,0.822970828248854,1.08821531299586,0.914302828321111,0.890093224835402,1.06971367640954,1.03595836508759,1.12187599181483,1.08251952253445,0.970670755366303,0.876488324955622,0.8839545897747,0.973920281036021,1.15694552170763,0.937453158215554,1.12845647691476,0.948844989675762,1.14788122365831,NA
