"","000059","000096","000159","000554","000637","000819","002207","002221","002377","002554","002629","300084","300157","300164","300191","600028","600256","600339","600387","600583","600688","600759","600871","601808","601857","603003"
"000059",NA,NA,NA,NA,NA,NA,NA,NA,NA,NA,NA,NA,NA,NA,NA,NA,NA,NA,NA,NA,NA,NA,NA,NA,NA,NA
"000096",0.918209414655924,NA,NA,NA,NA,NA,NA,NA,NA,NA,NA,NA,NA,NA,NA,NA,NA,NA,NA,NA,NA,NA,NA,NA,NA,NA
"000159",0.944788707562258,0.845790048580947,NA,NA,NA,NA,NA,NA,NA,NA,NA,NA,NA,NA,NA,NA,NA,NA,NA,NA,NA,NA,NA,NA,NA,NA
"000554",0.897776477221431,0.888274743661955,0.807951309050214,NA,NA,NA,NA,NA,NA,NA,NA,NA,NA,NA,NA,NA,NA,NA,NA,NA,NA,NA,NA,NA,NA,NA
"000637",0.880975317125256,0.84636078691774,0.697085937367811,0.775532966347307,NA,NA,NA,NA,NA,NA,NA,NA,NA,NA,NA,NA,NA,NA,NA,NA,NA,NA,NA,NA,NA,NA
"000819",0.953558811926807,0.882793229522328,0.818483993981995,0.917105853210708,0.8932844360548,NA,NA,NA,NA,NA,NA,NA,NA,NA,NA,NA,NA,NA,NA,NA,NA,NA,NA,NA,NA,NA
"002207",1.05148958029121,1.13249060475274,0.932819777223959,1.16870022901561,1.10038159136227,1.20097955872886,NA,NA,NA,NA,NA,NA,NA,NA,NA,NA,NA,NA,NA,NA,NA,NA,NA,NA,NA,NA
"002221",1.07665907577961,0.977247196282941,0.98989916940915,1.16428331071476,1.09958208822582,1.06478572818179,1.29048982518191,NA,NA,NA,NA,NA,NA,NA,NA,NA,NA,NA,NA,NA,NA,NA,NA,NA,NA,NA
"002377",0.899088414810301,1.02055644871729,0.962591620687856,0.912573447202859,0.928086660904903,1.0145016955635,1.0873018746049,1.11405695372102,NA,NA,NA,NA,NA,NA,NA,NA,NA,NA,NA,NA,NA,NA,NA,NA,NA,NA
"002554",1.00947823583455,1.02018673871284,0.950255842021979,1.00722044452544,0.99763542410016,0.996819583409375,1.19393072382351,1.15462460875537,1.03968412725428,NA,NA,NA,NA,NA,NA,NA,NA,NA,NA,NA,NA,NA,NA,NA,NA,NA
"002629",1.22470460873054,1.08015843805717,0.972814919343044,1.04842428765667,1.05231866495418,0.909980801395298,1.09313581883632,1.10311388346903,1.0364277595142,1.10829586491743,NA,NA,NA,NA,NA,NA,NA,NA,NA,NA,NA,NA,NA,NA,NA,NA
"300084",0.982408102752631,1.05858621364354,0.942263862526692,0.931120780603002,0.995945648935573,0.959532809648422,0.807721262074681,1.14907268720629,1.16678949168835,0.971527670807289,0.909505875020501,NA,NA,NA,NA,NA,NA,NA,NA,NA,NA,NA,NA,NA,NA,NA
"300157",1.00138944164119,0.98644740880879,0.85532988935313,0.943598995710978,1.01848480539219,0.994613119200684,1.05037594281754,1.1965880477326,1.05771456884764,0.936124068127344,0.944712933558172,0.878588997838226,NA,NA,NA,NA,NA,NA,NA,NA,NA,NA,NA,NA,NA,NA
"300164",0.994321438336148,0.994595122783137,0.986500855845255,0.857850391818976,0.99369181818888,1.04265003911165,1.14321918623463,1.16890246796859,0.97494361071829,0.957009628409874,0.932262183609286,0.978133412062879,0.818322756270428,NA,NA,NA,NA,NA,NA,NA,NA,NA,NA,NA,NA,NA
"300191",1.04037985516326,0.984166711823985,0.952540147631804,0.966945335889862,1.0631135208611,1.03673114416233,1.03355403059616,1.15219950298808,1.06613848228806,1.198252271486,0.92215248279515,0.75170150209864,0.98215563513537,1.09026257921484,NA,NA,NA,NA,NA,NA,NA,NA,NA,NA,NA,NA
"600028",1.06822519601308,1.09073052749064,1.15905360323823,1.08675445220575,1.12807565375256,1.15558422926031,1.34707358369374,1.15274145962094,1.21881386239519,1.21375205920915,1.5533290683917,1.13154924998753,1.36403446585802,1.13594733368946,1.33035627265773,NA,NA,NA,NA,NA,NA,NA,NA,NA,NA,NA
"600256",0.89104102537734,0.884954378575734,0.797099829164983,0.921718847233719,0.849126251498611,0.921283149553185,1.2654045795493,1.01331348724311,0.943317399282031,0.985598052372916,1.12144058808899,0.878702443692618,0.979699820582467,0.948333315041776,1.01755527644578,1.05322917830947,NA,NA,NA,NA,NA,NA,NA,NA,NA,NA
"600339",0.958176496307264,0.866527511803911,0.80504312802341,0.86300800262361,0.786619577788148,0.865199390973278,1.05353005680578,1.14824139741742,0.960819593383402,0.991807045996553,0.889864768145997,0.914388698928965,0.832537407254744,0.876596607115617,0.920656113056596,1.19932609206031,0.969585940229094,NA,NA,NA,NA,NA,NA,NA,NA,NA
"600387",0.852668822893855,0.869838206741143,0.794295049834509,0.836175587880711,0.843449606072815,0.915724033964638,1.1768313430874,1.08528191786436,0.923317717411846,0.965977251296788,1.14575189701966,0.887335601825588,1.00584963406795,0.934280171183639,1.00232194009317,1.10496439726059,0.823562067908093,0.885438465565749,NA,NA,NA,NA,NA,NA,NA,NA
"600583",0.939746236392865,0.923748634977036,0.863810753591947,0.750819157464375,0.807662134856524,0.946243135517495,1.22228477232308,1.14152073157138,1.01098602943811,1.02449419892379,1.20335835399089,0.904329145687508,1.01743210255117,0.835670182572216,1.00703666600561,1.00479403228333,0.783168653348149,0.858279261016095,0.868851398908048,NA,NA,NA,NA,NA,NA,NA
"600688",0.985807571983456,0.976549030139213,0.965051743212366,0.771610407032802,0.902355751075257,1.02988892379167,1.3237977073683,1.23064480247943,1.13424854666105,1.16959953316437,1.26153994939185,1.05206638885303,1.18227092855549,1.04991107213772,1.13474568588571,1.03380868847503,1.0066350120923,1.01560670963902,0.908123913341484,0.710213147500142,NA,NA,NA,NA,NA,NA
"600759",0.86524032793254,0.896284832158052,0.803349752364844,0.821439577939054,0.867511035050785,0.799432381306424,1.2347145921315,1.05173147435042,0.965123837486538,0.969378119599981,1.12069871200666,0.929342720553311,0.934811269211898,0.861156510738792,1.13814867371922,1.11059416490331,1.17502143523208,0.959688600456351,0.81393447644093,1.08328736801032,1.02602233171474,NA,NA,NA,NA,NA
"600871",1.04227882225314,1.02622633829467,1.03701845592579,0.755414382648846,0.878752114890154,1.05019250442581,1.41162353688948,1.25585763645735,1.09317943921882,1.10755331887007,1.19260462629242,0.994548482348771,1.16350093116664,1.09073996653574,1.09991601286403,1.16781636372103,1.07217924211268,1.08379107252634,0.921391097740198,0.841883142044653,0.787367857163114,1.14798442141855,NA,NA,NA,NA
"601808",0.927085125850861,0.890943426412703,0.843549298078111,0.745284635853774,0.799462010430802,0.944177671215323,1.17310451041764,1.12989313922784,1.05483933347851,0.98160641457364,1.16979237259585,0.875626686754081,0.923415491048395,0.853244016083863,0.956640878254756,0.998665402059489,0.850632571702748,0.849949838938204,0.866730514432623,0.444755247548936,0.766325133233254,0.966172230614318,0.822352572534101,NA,NA,NA
"601857",1.10189182447432,1.08553892593595,1.16760606839865,1.11700882482998,1.16005649545517,1.18771739064241,1.38578203901821,1.1065355190369,1.22697345790427,1.17525112252482,1.57644268030154,1.11606638890239,1.37061358646067,1.0075968107149,1.35741952296719,0.647099396642243,1.03976004185079,1.20555505282992,1.12616300042593,1.08111057177921,1.18543463413359,1.32483382975542,1.19734910551334,1.06239934413175,NA,NA
"603003",0.910182482213448,0.867840622312739,0.809842581296873,0.933856705477473,0.932193630341138,0.938122276212934,1.02295987999205,1.03357858387287,1.01116559595536,1.00640438213792,1.024565788977,0.937306501626325,0.933465370582747,0.999874751830037,0.993452321136949,1.13110724445378,0.941310239535899,0.860305696220279,0.915655137677756,0.957702861609609,1.08318014436282,0.845620041547586,1.06572401470804,0.931743423705954,1.10872874683639,NA
