"","000059","000096","000159","000554","000637","000819","002207","002221","002377","002554","002629","300084","300157","300164","300191","600028","600256","600339","600387","600583","600688","600759","600871","601808","601857","603003"
"000059",NA,NA,NA,NA,NA,NA,NA,NA,NA,NA,NA,NA,NA,NA,NA,NA,NA,NA,NA,NA,NA,NA,NA,NA,NA,NA
"000096",1.04375718358208,NA,NA,NA,NA,NA,NA,NA,NA,NA,NA,NA,NA,NA,NA,NA,NA,NA,NA,NA,NA,NA,NA,NA,NA,NA
"000159",1.16211604835552,1.05203427690341,NA,NA,NA,NA,NA,NA,NA,NA,NA,NA,NA,NA,NA,NA,NA,NA,NA,NA,NA,NA,NA,NA,NA,NA
"000554",1.1308075383436,0.647891792926992,1.19606694566441,NA,NA,NA,NA,NA,NA,NA,NA,NA,NA,NA,NA,NA,NA,NA,NA,NA,NA,NA,NA,NA,NA,NA
"000637",0.868190391976969,0.803117599657046,1.1379779032131,0.752904192294161,NA,NA,NA,NA,NA,NA,NA,NA,NA,NA,NA,NA,NA,NA,NA,NA,NA,NA,NA,NA,NA,NA
"000819",1.32741577834643,1.22088272723182,1.41411264510735,1.33729848898539,1.12322080325821,NA,NA,NA,NA,NA,NA,NA,NA,NA,NA,NA,NA,NA,NA,NA,NA,NA,NA,NA,NA,NA
"002207",1.49819304172405,1.25790481194674,1.30082707034546,1.29109679337898,1.25643120428218,1.11336341396278,NA,NA,NA,NA,NA,NA,NA,NA,NA,NA,NA,NA,NA,NA,NA,NA,NA,NA,NA,NA
"002221",1.19946670126465,1.13298296121905,1.0667368316047,1.18014101965544,1.26991849045828,1.37683764619986,1.38622709260962,NA,NA,NA,NA,NA,NA,NA,NA,NA,NA,NA,NA,NA,NA,NA,NA,NA,NA,NA
"002377",1.61438160041558,1.38796020048351,1.27352379412934,1.31999820052513,1.42512806851844,1.42931328756453,0.946507246548866,1.31607691706096,NA,NA,NA,NA,NA,NA,NA,NA,NA,NA,NA,NA,NA,NA,NA,NA,NA,NA
"002554",1.10868629016609,1.06707258197887,1.32447194269339,1.1045010275243,1.00396969136996,1.05623757392022,1.42760808447094,1.36721838942134,1.60801397710696,NA,NA,NA,NA,NA,NA,NA,NA,NA,NA,NA,NA,NA,NA,NA,NA,NA
"002629",1.46804447420937,0.934146110099517,1.16902121951435,1.17935010641233,1.24151848486053,1.36233458225954,1.39981504812756,1.26567465587688,1.15802677608185,1.12259229710543,NA,NA,NA,NA,NA,NA,NA,NA,NA,NA,NA,NA,NA,NA,NA,NA
"300084",1.34010765858315,1.02348273948852,1.14700871985483,0.917327331274465,1.10592709948741,1.42200984830628,1.41575358718998,1.26099481668521,1.31397066712292,1.08423987425132,1.12901868020617,NA,NA,NA,NA,NA,NA,NA,NA,NA,NA,NA,NA,NA,NA,NA
"300157",1.61356074398583,1.18102774436024,1.56337842472867,1.38522828047841,1.44723538135222,0.996992464838157,0.884336837898641,1.46206252322942,1.22943890881149,1.19549343987215,0.880269030900416,1.41357062960345,NA,NA,NA,NA,NA,NA,NA,NA,NA,NA,NA,NA,NA,NA
"300164",1.4890990740414,1.15734781916528,1.48391429665717,1.15844649635674,1.1533386474834,1.07117831635705,1.07100586972275,1.31424434318124,1.19063641038674,1.27273943959577,0.934260430196302,1.14856850433771,0.925172362391587,NA,NA,NA,NA,NA,NA,NA,NA,NA,NA,NA,NA,NA
"300191",1.19531055475213,0.921860136941199,1.12244487401496,1.14123429532887,1.11923909692236,1.25337531927206,1.34767859111647,1.29827312744764,1.38107878411563,1.04791561622547,0.719177930408693,1.03106358904849,1.04742013577505,1.34139343901596,NA,NA,NA,NA,NA,NA,NA,NA,NA,NA,NA,NA
"600028",1.2452724475111,0.970422716189233,1.22593414017394,1.01206794590818,1.20514405600455,1.3946909735019,1.3779136267743,0.980863036440055,1.21763175032099,1.25985582723652,1.0887008042555,1.12082822929546,1.3049078746551,1.27817874197631,1.12346834392752,NA,NA,NA,NA,NA,NA,NA,NA,NA,NA,NA
"600256",0.990409415481185,0.993972550637202,1.06498886059179,1.04559541647289,1.03134475103508,1.34517930491125,1.46946817005403,1.09248978661217,1.49638622599604,0.966783512765173,1.18822385093739,1.14846385932582,1.41991730350015,1.50402971968498,1.06393097151707,1.00295129776397,NA,NA,NA,NA,NA,NA,NA,NA,NA,NA
"600339",1.0961518538076,0.68306809428186,0.990631736738881,0.808593652796078,0.961815679250087,1.38677259103309,1.36011275533002,1.18960195418219,1.34690447791413,1.1493952517967,1.03996585447057,1.01319580167112,1.42711818716878,1.50886251394023,0.947198182718127,0.964403352791878,0.908660506189014,NA,NA,NA,NA,NA,NA,NA,NA,NA
"600387",1.13805300639204,1.08857074394054,1.39389237473798,1.27064905452541,0.9902060614044,0.923634239258723,1.33290080439253,1.41056928243698,1.56974197035279,1.08002041420499,1.16870337030149,1.43367091081215,1.05889419782656,1.11667664558365,1.02863928636034,1.46305422804165,1.2556717290392,1.29643264238526,NA,NA,NA,NA,NA,NA,NA,NA
"600583",1.14564631257944,1.03368939367113,1.24533952406532,1.32564976608326,1.15920670917414,1.01957587564727,1.28819829609409,1.23999964055695,1.52290059113636,1.2700692621007,1.34567457913734,1.35003831444406,1.27865603270389,1.25547582256208,1.19785441149851,1.2472563896548,1.18908000496447,1.25905493672308,1.06788561188797,NA,NA,NA,NA,NA,NA,NA
"600688",1.21766347740921,1.19220295277781,1.35030431858031,1.0166937448911,1.09191433366014,1.34688367827879,1.41490819486341,1.07004974995268,1.39274598189335,1.18121013918178,1.49130640803992,1.33192963335765,1.45264337502952,1.28594772577258,1.56549848757106,1.03809029762395,0.907895372020224,1.21089961812364,1.48175415479906,1.34038033464459,NA,NA,NA,NA,NA,NA
"600759",1.45297046691994,0.833252548279345,1.23714235318537,1.00671967403163,1.16568343724879,1.1748666962823,0.998781050193304,1.29816788608075,1.01083980235106,1.30266832317748,0.815417998543522,0.758422293252067,0.820295391325509,0.799383007002187,0.733554810036131,1.12314109412496,1.59874495174865,1.10185723276102,1.11041468845125,1.24048204734343,1.70614183428066,NA,NA,NA,NA,NA
"600871",0.884610692401655,1.29301944343281,1.16755964824398,1.13587040381478,0.966411083540913,1.34079095456163,1.76323695539744,0.944856996071491,1.73041607503895,1.14085668953827,1.5605578334042,1.30469083295865,1.70919130638071,1.71821588751481,1.59084943807844,1.20083621952219,0.825878587888419,1.19104788633879,1.54541810226101,1.20667287933882,0.645639006880278,1.78306954981347,NA,NA,NA,NA
"601808",1.01632604420174,0.898282580666171,1.13514807044847,1.23172267665252,1.11322129090647,1.22572578340249,1.42674940217475,1.2727038254977,1.58858722348309,1.15547340585906,0.952095020034593,1.28327241216806,1.28117842475246,1.40991603824807,0.811448461556524,1.28255864113043,1.09360362371876,1.03462240480954,0.989642687385069,0.806909267225691,1.55580640278825,1.05896670064623,1.43671452539812,NA,NA,NA
"601857",1.31382454360904,1.3063196184408,1.27174406012346,1.46747260501652,1.49827646163917,1.3943542689766,1.43745744922345,0.946402457876582,1.44470658904942,1.52010509621323,1.42822027085482,1.57519272676597,1.44602207191858,1.44835177103104,1.4103093532243,1.02402278471425,1.28345414390214,1.41505899208587,1.46311897578868,1.02067635010164,1.23145372629875,1.44228678361613,1.07467116177642,1.23914424352968,NA,NA
"603003",1.12419330994114,0.943119029392025,0.822089663644501,0.855624663409948,0.962650156741729,1.29060209006879,1.32875033836921,0.87232974993732,1.30614711251135,1.24647793105071,1.06058284881747,1.09112108536501,1.50310955715527,1.23707496613835,1.1441448473718,1.06854214135984,1.07632228858873,0.99814549608727,1.30522171125594,1.21534249686065,1.12131418299355,1.14841831567889,1.05971814527149,1.15521110442096,1.04642849817652,NA
