"","000059","000096","000159","000554","000637","000819","002207","002221","002377","002554","002629","300084","300157","300164","300191","600028","600256","600339","600387","600583","600688","600759","600871","601808","601857","603003"
"000059",NA,NA,NA,NA,NA,NA,NA,NA,NA,NA,NA,NA,NA,NA,NA,NA,NA,NA,NA,NA,NA,NA,NA,NA,NA,NA
"000096",1.1323008953907,NA,NA,NA,NA,NA,NA,NA,NA,NA,NA,NA,NA,NA,NA,NA,NA,NA,NA,NA,NA,NA,NA,NA,NA,NA
"000159",0.858365871622425,0.943958209920463,NA,NA,NA,NA,NA,NA,NA,NA,NA,NA,NA,NA,NA,NA,NA,NA,NA,NA,NA,NA,NA,NA,NA,NA
"000554",1.00650642117459,0.939533098087221,0.687655183408004,NA,NA,NA,NA,NA,NA,NA,NA,NA,NA,NA,NA,NA,NA,NA,NA,NA,NA,NA,NA,NA,NA,NA
"000637",0.94528320794741,0.969571871241992,0.726720429689189,0.854204672160314,NA,NA,NA,NA,NA,NA,NA,NA,NA,NA,NA,NA,NA,NA,NA,NA,NA,NA,NA,NA,NA,NA
"000819",1.15542999199107,1.09742567612946,0.841025558916891,0.819697339153004,0.859642250396767,NA,NA,NA,NA,NA,NA,NA,NA,NA,NA,NA,NA,NA,NA,NA,NA,NA,NA,NA,NA,NA
"002207",0.92402131290462,1.27871447410486,0.951645891661395,1.02932337849754,0.887152905433099,1.06479626931143,NA,NA,NA,NA,NA,NA,NA,NA,NA,NA,NA,NA,NA,NA,NA,NA,NA,NA,NA,NA
"002221",1.31526047396655,1.03477098208051,1.07523243007442,1.00994630884028,0.91489348929233,1.14363810936357,1.30869113932227,NA,NA,NA,NA,NA,NA,NA,NA,NA,NA,NA,NA,NA,NA,NA,NA,NA,NA,NA
"002377",0.965241855778858,1.13685322673682,1.00635836708414,1.03925206574375,0.884672532524329,1.00191778539306,1.35097144026791,1.20293648922596,NA,NA,NA,NA,NA,NA,NA,NA,NA,NA,NA,NA,NA,NA,NA,NA,NA,NA
"002554",1.17206906924118,1.26972818045892,0.97252272927877,1.06334932318759,1.21035266463775,1.21389967258444,1.15533289279431,1.31967610256968,1.33737950818805,NA,NA,NA,NA,NA,NA,NA,NA,NA,NA,NA,NA,NA,NA,NA,NA,NA
"002629",1.34084351470665,1.39884138751557,1.10221222117459,1.14082531085632,1.12711303594769,0.762055514669199,1.10076349670124,1.21039223398205,1.11816582489544,1.36214802891557,NA,NA,NA,NA,NA,NA,NA,NA,NA,NA,NA,NA,NA,NA,NA,NA
"300084",0.978260135792094,1.18256038935209,0.834890781803737,1.08574243004944,1.03405563555698,0.918694544477002,0.986340307299368,1.4370564924845,1.07872097227613,1.29456255325306,0.887179313021698,NA,NA,NA,NA,NA,NA,NA,NA,NA,NA,NA,NA,NA,NA,NA
"300157",1.33971499937554,1.4287771281846,1.27132210328687,1.30337855918082,1.33694131660433,1.30007373648033,1.52467802365935,1.52524534925511,1.2008198878316,1.22130642952685,1.25283873325443,1.14340452080187,NA,NA,NA,NA,NA,NA,NA,NA,NA,NA,NA,NA,NA,NA
"300164",1.0489875258696,1.03708582224989,0.911870798309451,0.744808208394117,0.989414432120358,0.930448716756127,1.00639000075955,1.15390122910523,1.24950911176792,1.0075225075237,1.08678124804489,1.05376797565477,1.48652570208531,NA,NA,NA,NA,NA,NA,NA,NA,NA,NA,NA,NA,NA
"300191",1.35926468413271,1.2160719073919,1.1730871928233,1.25026482595674,1.22822181648692,1.00630382984135,1.07641054234448,1.38495804261814,1.15854644801448,1.52043157629245,0.925337986797891,0.965363405746564,1.29981935506403,1.02863199676742,NA,NA,NA,NA,NA,NA,NA,NA,NA,NA,NA,NA
"600028",0.944653513404532,1.16351474413699,1.21925420388815,1.18872660197928,1.13820453962017,1.34634127686556,1.31029975154354,1.23859927565566,1.12716108505135,1.25756844304115,1.55738924612231,1.24992832713299,1.35588605239879,0.980249384424828,1.41433753639802,NA,NA,NA,NA,NA,NA,NA,NA,NA,NA,NA
"600256",0.969027118113964,0.95965893287607,0.968913791687476,1.06996455757216,1.04477300158092,1.11648691335358,1.35686870890689,1.17683262962872,0.971551817699378,1.37461528763023,1.30305894138828,1.1191209101963,1.37903088802817,1.03131574693444,1.18395755130878,1.04946735821148,NA,NA,NA,NA,NA,NA,NA,NA,NA,NA
"600339",1.02894717582767,1.03170186125256,0.951388295907376,0.938370578931472,1.05068737289909,1.04584136319519,1.46559889367216,1.29098921852558,0.976652278968651,1.03929803779294,1.31472096412458,0.987988499627825,0.833362134324463,1.10958087699964,1.23235510547593,1.16519527696958,0.996336515278301,NA,NA,NA,NA,NA,NA,NA,NA,NA
"600387",1.10584609710817,1.13997808370636,0.86891514114129,0.867611350658449,0.984974799373381,0.831324548715016,1.39153872783174,1.22539950909278,0.833846988913105,1.12778434980931,1.22583130783558,1.02346081685308,1.1758960737449,0.806058390651612,1.14729412272248,1.18075959177208,1.07557235310054,0.838176487287151,NA,NA,NA,NA,NA,NA,NA,NA
"600583",0.776495153444892,0.951365614627031,0.851962211884312,0.966563142095396,0.99524624245166,1.13332853518982,1.06066433853096,1.21694777364339,1.1404844521021,1.27396780741294,1.29391105657131,0.937277728445464,1.40987361736093,0.763019093104014,1.21651623886419,0.864166455392466,0.749737492721988,1.00911963551708,1.1487304585403,NA,NA,NA,NA,NA,NA,NA
"600688",0.877818728784289,1.11544560808078,1.07832531058758,1.07752243672943,1.03484145074,1.25378900685319,1.41868323630331,1.05680025864686,1.1136397142381,1.17947652325106,1.44513719218897,1.21649150089918,1.2875651857409,1.14293489700528,1.47476949469821,0.82570067242875,1.01781023467059,0.946901551635624,1.11610740312854,0.909801049451178,NA,NA,NA,NA,NA,NA
"600759",0.907950030206086,0.909424083762896,0.788166229137771,0.782189349055001,0.894707446639584,0.917371066547434,0.940369638309857,1.1276722859805,0.948571523210807,1.0279267092409,0.935627021472014,0.846257429650017,1.29697234102516,0.822546244164204,1.00597481573778,1.00884958914328,1.09191156809665,1.05651641128629,0.953209047406342,0.893384758294829,1.06299735601178,NA,NA,NA,NA,NA
"600871",1.31984530658407,1.04782852958722,1.14372825140702,1.02015222097032,1.16952279055387,1.11674866768966,1.58473337045032,1.14520097547507,1.17998243152933,1.30064747443486,1.3733080630049,1.24499588628739,1.33511731648005,1.00734257472688,1.1035886836778,1.29711429048499,0.986987434347354,1.0881079743876,1.0104714977375,1.11041124611044,1.20212252965625,0.975994034344188,NA,NA,NA,NA
"601808",0.894356489380675,0.986474148525291,0.893903366222514,0.948077956047379,0.968333166070824,1.10010187906641,1.13581580777084,1.19696978163765,1.16478717765506,1.17554550851418,1.27810180915944,0.944717118388698,1.30834700305267,0.764810392360906,1.15116030015179,0.843684868163502,0.907277735338761,1.01164936054276,1.14792267892798,0.466485086639474,0.928289001981949,0.839959651495743,1.03731580310087,NA,NA,NA
"601857",0.864339058228174,1.07382671774818,1.04518960882496,1.02437770823185,1.083293031722,1.2440355801351,1.25615431133308,1.17441387122795,1.07114224411129,1.18218338954356,1.45834002753704,1.13584457356344,1.3463054259951,0.980039333657867,1.3533563024837,0.727063930198932,0.890786946201464,0.999712714894879,1.15296551941403,0.745605730457748,0.86905992984413,1.01095422398055,1.12944910420855,0.799434350535507,NA,NA
"603003",1.0852546441765,1.00138672997671,0.84968716915798,0.944454279576394,0.850515738226221,0.931641834302375,1.06142423891798,1.19689607087274,0.965521925919172,1.33246664165541,1.0053799872423,0.942301158493545,1.24383578035401,0.960970522896833,1.11251539409842,1.1583654455211,1.0594882427284,1.03700232954537,1.0147979959388,1.00156521838482,1.25249014110573,0.84816687194352,1.22602561367071,0.970209971950604,1.20755472090367,NA
