"","000059","000096","000159","000554","000637","000819","002207","002221","002377","002554","002629","300084","300157","300164","300191","600028","600256","600339","600387","600583","600688","600759","600871","601808","601857","603003"
"000059",NA,NA,NA,NA,NA,NA,NA,NA,NA,NA,NA,NA,NA,NA,NA,NA,NA,NA,NA,NA,NA,NA,NA,NA,NA,NA
"000096",1.02053555780066,NA,NA,NA,NA,NA,NA,NA,NA,NA,NA,NA,NA,NA,NA,NA,NA,NA,NA,NA,NA,NA,NA,NA,NA,NA
"000159",1.06979789182693,0.830145163388958,NA,NA,NA,NA,NA,NA,NA,NA,NA,NA,NA,NA,NA,NA,NA,NA,NA,NA,NA,NA,NA,NA,NA,NA
"000554",0.919658862431964,0.889602119064196,0.882687972938152,NA,NA,NA,NA,NA,NA,NA,NA,NA,NA,NA,NA,NA,NA,NA,NA,NA,NA,NA,NA,NA,NA,NA
"000637",0.926509070249474,0.832760788976284,0.79165674906194,0.755992200447816,NA,NA,NA,NA,NA,NA,NA,NA,NA,NA,NA,NA,NA,NA,NA,NA,NA,NA,NA,NA,NA,NA
"000819",0.977900603445241,0.94385689460925,0.941243159006101,0.914891940316296,0.889459185777705,NA,NA,NA,NA,NA,NA,NA,NA,NA,NA,NA,NA,NA,NA,NA,NA,NA,NA,NA,NA,NA
"002207",1.1881452105139,1.1179091756478,1.02706063263193,1.17829901322688,1.08490446638228,1.23558147915362,NA,NA,NA,NA,NA,NA,NA,NA,NA,NA,NA,NA,NA,NA,NA,NA,NA,NA,NA,NA
"002221",1.15787482919507,1.06565326722265,1.03080592218232,1.12939680947181,1.08042667721159,1.13326483740619,1.26877638472082,NA,NA,NA,NA,NA,NA,NA,NA,NA,NA,NA,NA,NA,NA,NA,NA,NA,NA,NA
"002377",1.05039556825918,1.03635771817559,0.997823436327818,0.956624023142213,0.923642676046038,1.06772670223391,1.2855209449396,1.14973350810622,NA,NA,NA,NA,NA,NA,NA,NA,NA,NA,NA,NA,NA,NA,NA,NA,NA,NA
"002554",1.04317702341648,1.04603117681769,0.944033819779979,1.01827619949769,0.991844535503703,1.05601951954273,1.18370711146393,1.20291678265087,1.05921486435233,NA,NA,NA,NA,NA,NA,NA,NA,NA,NA,NA,NA,NA,NA,NA,NA,NA
"002629",1.19727498679559,1.15795860939308,1.08707654932316,1.054199785192,1.05302982258482,1.06338645856653,1.16727877014241,1.19050665680138,1.11262654369774,1.09216315394438,NA,NA,NA,NA,NA,NA,NA,NA,NA,NA,NA,NA,NA,NA,NA,NA
"300084",1.22356892307098,1.11034017706875,1.19227059051151,1.10361839623643,1.16966433685887,1.19823841513511,0.929558011129457,1.26034471023892,1.12811730987252,1.16509725938476,0.986196666390087,NA,NA,NA,NA,NA,NA,NA,NA,NA,NA,NA,NA,NA,NA,NA
"300157",1.04463648943399,1.02558959752685,0.985368164978545,0.977488410788665,0.983491150398829,1.07692094892618,1.16348262511389,1.19369183845902,1.12910308220089,0.997560480876628,1.04837536184287,0.986912903692186,NA,NA,NA,NA,NA,NA,NA,NA,NA,NA,NA,NA,NA,NA
"300164",1.07125504189485,1.08682179265744,1.05113698904073,0.967636146553679,1.07723841403268,1.10745377614211,1.16079068420897,1.18874009802888,1.05306223096496,1.08421522633457,0.793491534360039,1.13445874667504,0.782512422558032,NA,NA,NA,NA,NA,NA,NA,NA,NA,NA,NA,NA,NA
"300191",1.0982356664173,1.02241063662249,1.02804019808989,1.02371408184237,1.06620263495153,1.04238221495356,1.18183754292923,1.17479066685577,1.16679109522969,1.10181391590092,1.00268906077063,0.872016526774279,1.02515194175768,1.07570456708264,NA,NA,NA,NA,NA,NA,NA,NA,NA,NA,NA,NA
"600028",1.11492510369788,1.05449825708629,1.13610258289693,1.04950462677081,1.04215075931299,1.12773864127319,1.32728945662542,1.16310046114857,1.22428657760712,1.12785506453926,1.30751682886192,1.25181340354638,1.28373079772895,1.1785413600112,1.28607779869972,NA,NA,NA,NA,NA,NA,NA,NA,NA,NA,NA
"600256",0.924274162253176,0.892258691714448,0.877310874493658,0.942681477142372,0.867126894549718,0.963597174841249,1.2314384623441,1.07242072159354,0.991071111658076,1.02568693833491,1.1448849460798,0.860820586780323,0.998213065855657,1.12621359945967,1.0566051801602,1.03995314428094,NA,NA,NA,NA,NA,NA,NA,NA,NA,NA
"600339",1.05207448501583,0.878740379703051,0.858743330278905,0.868150428970569,0.822630443144215,0.899263471819062,1.09954521520481,1.10169360434691,0.976888142833299,0.951773891244349,1.06722458047123,1.16253080538061,1.00794447137333,1.02431824895273,1.03486300509307,1.05598266185103,0.952516465144147,NA,NA,NA,NA,NA,NA,NA,NA,NA
"600387",0.931872582793989,0.88614581710498,0.867957362923856,0.898262590452265,0.897647899660481,0.924874791045853,1.14970146445603,1.06357372176142,0.943616120148077,0.974075720938228,1.24373245486791,1.14593942017149,1.00084616995435,1.05208567025819,1.03736275334071,1.13154363704685,0.887938261463412,0.889536960745543,NA,NA,NA,NA,NA,NA,NA,NA
"600583",0.949812112063205,0.959669233876608,0.920899965410027,0.837306382571014,0.838157247758591,0.96976308912412,1.15898503710356,1.13499244653786,1.00653770393466,0.989296838689447,1.13692049087561,1.13587863292468,0.969428909933628,0.931588262726499,1.01966813966339,0.929745683939778,0.804465983204912,0.840817413976407,0.951509224102824,NA,NA,NA,NA,NA,NA,NA
"600688",0.998352688222022,0.967148495329589,1.0229674649146,0.803008605081796,0.85954321024619,1.03361514272264,1.26557541641205,1.16451794357449,1.02767526939845,1.11414208332803,1.22095049574874,1.2010930116305,1.08204204432479,1.09187605675354,1.15212813694037,0.966659305180913,0.971729238052633,0.992721025498172,1.00211675865677,0.840192327938107,NA,NA,NA,NA,NA,NA
"600759",1.03816310263919,0.964788872361929,0.898099938366508,0.975103011139969,0.973861487244972,1.00575667856141,1.20229748790635,1.11180474874566,1.11074921689341,1.08079456725374,1.16563379920471,1.27076836600815,1.11677552644303,0.620846196503108,1.12636073772078,1.15231338595175,1.04882794300483,0.986598330728028,0.894125976674302,1.00987036781444,1.0417351949217,NA,NA,NA,NA,NA
"600871",0.987692577262996,0.896444345325435,0.967790147484932,0.71240250149521,0.830061222864269,0.944325046225029,1.28971608658844,1.15983757963455,1.00174294390971,1.03492018239949,1.06154200250051,1.06805220933712,1.00244650815474,1.08969270128114,1.00450586416381,1.05346977971899,0.981301046602536,0.973416423454518,0.998385389562009,0.802185596231131,0.777794402411971,1.08556545327675,NA,NA,NA,NA
"601808",0.975196830873037,0.947868309664168,0.91146103011173,0.839646824998714,0.843275204988636,0.986850880812665,1.12884726648335,1.15816506858283,1.03884693414309,0.984538421443268,1.14644585806776,1.17916079751536,0.968472015179638,0.958202846878457,1.01146406156706,0.925857762711428,0.873013160516297,0.831619436481519,0.931793648970667,0.483976745564781,0.873325150883742,0.970931676467409,0.792782020630671,NA,NA,NA
"601857",1.11670044976524,1.0839370127658,1.12719404697577,1.05987831517928,1.09254416900751,1.14099689053983,1.35063879907936,1.18446415381583,1.24924778529987,1.10843572926042,1.28282545863108,1.21451014778959,1.27812531544213,1.10321242381274,1.28029780469915,0.592264372902782,1.07342065499686,1.08562919448548,1.15850506121443,0.964982942256399,1.05626815081161,1.28292146094872,1.1029847727029,0.9723902826186,NA,NA
"603003",1.01966222311144,0.887336624665394,0.885601242768122,0.923405469146699,0.908658183555486,0.969942349751046,1.15840312946492,1.05708732500667,1.04852430549484,1.06706773495794,1.08428948780946,1.18664196749783,1.02878834174434,1.10454483178201,1.04472558109754,1.12540437722283,0.971244539661998,0.914455033384848,0.90672974363915,0.944286062346616,1.00898302167784,1.00445745830914,0.959038504625128,0.939947525707765,1.17285901633353,NA
