"","000059","000096","000159","000554","000637","000819","002207","002221","002377","002554","002629","300084","300157","300164","300191","600028","600256","600339","600387","600583","600688","600759","600871","601808","601857","603003"
"000059",NA,NA,NA,NA,NA,NA,NA,NA,NA,NA,NA,NA,NA,NA,NA,NA,NA,NA,NA,NA,NA,NA,NA,NA,NA,NA
"000096",1.08590612246296,NA,NA,NA,NA,NA,NA,NA,NA,NA,NA,NA,NA,NA,NA,NA,NA,NA,NA,NA,NA,NA,NA,NA,NA,NA
"000159",1.05412510770731,1.03225053041818,NA,NA,NA,NA,NA,NA,NA,NA,NA,NA,NA,NA,NA,NA,NA,NA,NA,NA,NA,NA,NA,NA,NA,NA
"000554",1.10949465130344,0.8042913221537,1.0510999751945,NA,NA,NA,NA,NA,NA,NA,NA,NA,NA,NA,NA,NA,NA,NA,NA,NA,NA,NA,NA,NA,NA,NA
"000637",0.998569547730912,0.952945039760792,1.04197814793973,0.949615238121143,NA,NA,NA,NA,NA,NA,NA,NA,NA,NA,NA,NA,NA,NA,NA,NA,NA,NA,NA,NA,NA,NA
"000819",1.248134242122,1.18923859792387,1.1942847570775,1.22016960800552,1.22545293078223,NA,NA,NA,NA,NA,NA,NA,NA,NA,NA,NA,NA,NA,NA,NA,NA,NA,NA,NA,NA,NA
"002207",1.25616265869611,1.16289341894069,1.16853991608004,1.14184285561622,1.17273369475208,1.20968384110845,NA,NA,NA,NA,NA,NA,NA,NA,NA,NA,NA,NA,NA,NA,NA,NA,NA,NA,NA,NA
"002221",1.28385758884313,1.22852045450916,1.21243353775192,1.25577654277056,1.19499917331983,1.37200557075854,1.34485159398636,NA,NA,NA,NA,NA,NA,NA,NA,NA,NA,NA,NA,NA,NA,NA,NA,NA,NA,NA
"002377",1.28599359361622,1.27297908850877,1.24841268203646,1.27861162935925,1.2435644218219,1.3030178352548,1.28709888302847,1.34632246681264,NA,NA,NA,NA,NA,NA,NA,NA,NA,NA,NA,NA,NA,NA,NA,NA,NA,NA
"002554",1.15615998884701,1.12579519739924,1.13323538184171,1.13239333907696,1.12285777409363,1.13280639870393,1.16578583074472,1.25683030217851,1.23612180306661,NA,NA,NA,NA,NA,NA,NA,NA,NA,NA,NA,NA,NA,NA,NA,NA,NA
"002629",1.24270716112138,1.24477425995447,1.17672706798266,1.20744866449162,1.22273012600076,1.21435859996892,1.23355147516902,1.29802028469212,1.28195836168197,1.15220942566206,NA,NA,NA,NA,NA,NA,NA,NA,NA,NA,NA,NA,NA,NA,NA,NA
"300084",1.12802501854951,1.1129927224964,1.13601660197972,1.10496165833198,1.0648491363474,1.19481679695154,1.08444644679694,1.26175196424329,1.23637779077186,1.02692635176229,1.16489668377587,NA,NA,NA,NA,NA,NA,NA,NA,NA,NA,NA,NA,NA,NA,NA
"300157",1.2378819556066,1.21197656531185,1.14346936887176,1.18396599295388,1.1979421847085,1.17319020012527,1.10245546669516,1.29275047528993,1.31615550863017,1.11784811546886,1.2860116504896,1.04192572179685,NA,NA,NA,NA,NA,NA,NA,NA,NA,NA,NA,NA,NA,NA
"300164",1.09461925610685,1.20806669647485,1.12916184598853,1.17935009274619,1.1998996566405,1.44992198157223,1.31968923481318,1.0597790183549,1.2998857466248,1.24232983134706,1.00858787027124,1.19550534462168,1.26181406391518,NA,NA,NA,NA,NA,NA,NA,NA,NA,NA,NA,NA,NA
"300191",1.19983750172401,1.2547206357756,1.17178448404334,1.23212900894266,1.1938036794355,1.26262197061996,1.24725919821191,1.29423280290139,1.25751288796066,1.16930408602211,1.22704948871094,1.11312413910146,1.20237567931255,1.30228618866438,NA,NA,NA,NA,NA,NA,NA,NA,NA,NA,NA,NA
"600028",1.21658722249225,1.15504304372591,1.18517281978408,1.15264647879534,1.16388350284044,1.35373495349004,1.36497351084178,1.29856926262328,1.36236269112095,1.32801642315343,1.28311913552022,1.31599728437148,1.32026615247983,1.27662739908867,1.04473664707354,NA,NA,NA,NA,NA,NA,NA,NA,NA,NA,NA
"600256",1.20532677380213,1.11481784178471,1.08818323481686,1.13226496577587,1.17106626010191,1.26339595095025,1.27413125825081,1.25775976340833,1.30994070840117,1.1843142645704,1.21244321911703,1.21710280924377,1.19898429647973,1.31050335351436,1.29184609413425,1.26785669849521,NA,NA,NA,NA,NA,NA,NA,NA,NA,NA
"600339",1.02125511522997,0.911321408255972,0.929255841562416,0.982490452334561,0.954540534312236,1.20114635360005,1.12215563641398,1.23708624083581,1.25243015055701,1.07119128081969,1.18168306567192,1.07236839470767,1.20544069098049,1.23027235186335,1.17076849073692,1.15878604583685,1.16446865181417,NA,NA,NA,NA,NA,NA,NA,NA,NA
"600387",1.15966107189242,1.17912072393494,1.11652331353871,1.17760155197772,1.09569235701264,1.2494941203824,1.23392751802649,1.19028142072584,1.30269793902553,1.15114419181028,1.23829459352122,1.18305245490134,1.18151854319633,1.33906224822884,1.23467170970561,1.29990483395911,1.17960137197021,1.11571005998022,NA,NA,NA,NA,NA,NA,NA,NA
"600583",1.17714843358029,1.11924659435597,1.10083460945775,1.10996746788711,1.0966805396699,1.24851541796074,1.23138430125873,1.27945623736917,1.29291378734129,1.13986980067889,1.16080753385018,1.13864110180502,1.14566977543537,1.36926209662517,1.21653638645183,1.10585247374023,1.11025020569819,1.12257564407822,1.16904830947086,NA,NA,NA,NA,NA,NA,NA
"600688",1.28405728597596,1.26590333421515,1.38028308705044,1.30325197394767,1.21810971869801,1.5552230258164,1.44511813608387,1.34345523103859,1.46780001712802,1.30732460287004,1.36542474045509,1.38016216141425,1.07587953932388,1.37511110523322,1.36392795825004,1.29065215638073,1.16758343709089,1.3486842554284,1.28365499474391,1.39008937220846,NA,NA,NA,NA,NA,NA
"600759",1.31832588675646,1.20498352977004,1.27423122353086,1.26711579687193,1.24362913391508,1.27477508157848,1.33210443130062,1.31353271415788,1.35693092919439,1.29579127854944,1.21478969073317,1.21041832622474,1.26600082745106,1.18470258183561,1.24774747341707,1.28089601356226,1.30991548920782,1.21582250414448,1.2660323698473,1.22804755457124,1.53051799703288,NA,NA,NA,NA,NA
"600871",1.32023189650692,1.29054434867613,1.35765480150214,1.36832498319219,1.25908393151376,1.53770233917104,1.53376088075342,1.33536107905612,1.4462378879423,1.2955510801172,1.31991272256116,1.3458326944472,1.13013377979719,1.33202621596151,1.38873082293925,1.35978714561643,1.16964608807342,1.39492004743028,1.27963925635017,1.42784219893597,0.828878966233965,1.51877817259681,NA,NA,NA,NA
"601808",1.18022079372668,1.08433616344535,1.08216243917984,1.06963602768592,1.09668529800003,1.25210672665839,1.21027276122445,1.26400352097358,1.24507361046343,1.18029675062057,1.24125518268338,1.1655544377725,1.23964299453347,1.21786083788681,1.23125171827247,1.08801007543041,1.10724135789069,1.13623592110238,1.15620493743208,0.720788137054539,1.39256972429502,1.25359325239631,1.43884599628205,NA,NA,NA
"601857",1.21610848545305,1.16506201988348,1.21292429852172,1.14145080188751,1.17002348353594,1.32948951875519,1.39631799302388,1.31009819635287,1.37914164110174,1.316844583882,1.28991451380082,1.28723826254868,1.34233968218953,1.19867206246286,1.31974335995227,0.807755624153014,1.21477779433405,1.19732457989982,1.27719588814484,1.0908855001049,1.27894987687242,1.27629430489086,1.3598602258807,1.0285949925216,NA,NA
"603003",1.16667820007692,1.05615738029075,1.09026191263033,1.03104996121593,1.08450843920457,1.29523638815543,1.1639373972828,1.28619651063968,1.28048235847318,1.19859782527069,1.24617634469688,1.13520085114139,1.2379452825156,1.1641475011445,1.24467620053123,1.29993289898595,1.13686333754773,1.06931460440994,1.19505569314699,1.23202164383408,1.35509637233573,1.31662823482011,1.38246328149098,1.22552326992835,1.34297046296585,NA
